"","Network","Show_Name","1","2","3","4","5","6","7","8","9","10","11","12","13","14","15","16","17","18","19","20","21","22","23","24","25","26","27","28","29","30","31","32","33","34","35","36","37","38","39","40","41","42","43","44","45","46","47","48","49","50","51","52","53","54","55","56","57","58","59","60","61","62","63","64","65","66","67","68","69","70","71","72","73","74","75","76","77","78","79","80","81","82","83","84","85","86","87","88","89","90","91","92","93","94","95","96","97","98","99","100"
"1","BRVO","BELOW DECK",1,0.999277259231271,0.99783170919052,0.995663216024016,0.992771586818024,0.989156578996285,0.984817912778968,0.979755286642525,0.97396839570531,0.967456952949403,0.960220713175162,0.952259499571406,0.94357323277113,0.934161962250092,0.924025899913653,0.913165455706023,0.901581275065377,0.889274278038484,0.876245699859331,0.862497132788035,0.848030568998738,0.832848444298776,0.816953682455616,0.800349739903451,0.783040650597437,0.765031070780899,0.746326323428895,0.726932442130741,0.706856214174305,0.686105222595996,0.664687886962554,0.642613502653945,0.619892278420743,0.596535371994505,0.572554923535733,0.547964086710902,0.522777057198018,0.497009098428765,0.47067656438504,0.443796919277907,0.41638875394821,0.388471798839903,0.360066933409714,0.331196191849852,0.301882765014202,0.272150998452708,0.242026386473297,0.211535562165833,0.180706283338024,0.149567414328906,0.118148903681577,0.0864817576728401,0.0545980097137653,0.0225306856513101,-0.00968623498252275,-0.0420178617114919,-0.0744284397673535,-0.106881400559252,-0.139339415850553,-0.171764455518253,-0.204117848755419,-0.2363603485628,-0.26845219936211,-0.300353207550233,-0.332022814801139,-0.363420173910414,-0.394504226966209,-0.425233785620027,-0.45556761322127,-0.485464508570753,-0.514883391040591,-0.543783386801013,-0.572123915888698,-0.599864779846274,-0.626966249658686,-0.653389153709168,-0.679094965475591,-0.704045890687178,-0.728204953661585,-0.751536082543663,-0.774004193169355,-0.795575271281527,-0.81621645282872,-0.835896102083194,-0.854583887320861,-0.872250853812938,-0.888869493887398,-0.904413813827305,-0.918859397383165,-0.93218346568717,-0.944364933368879,-0.95538446068418,-0.965224501482508,-0.973869346850987,-0.981305164288514,-0.987520032277728,-0.992503970138142,-0.99624896305964,-0.998748982231654,-1
"2","BRVO","BLOOD SWEAT HEELS",1,0.998859666053435,0.996580577706502,0.993165890700357,0.988620330279017,0.982950181177126,0.976163274318579,0.968268970267141,0.959278139480228,0.949203139426766,0.938057788639732,0.92585733778321,0.91261843782291,0.898359105397767,0.883098685498612,0.86685781156786,0.849658363141719,0.83152342116353,0.812477221103475,0.79254510402604,0.771753465752248,0.750129704268774,0.727702165540566,0.704500087887637,0.680553545089987,0.655893388387511,0.630551187543872,0.604559171144955,0.577950166303471,0.550757537941649,0.523015127823712,0.494757193508965,0.46601834739486,0.436833496017328,0.407237779773057,0.377266513225106,0.346955126149505,0.316339105476148,0.285453938272398,0.2543350559125,0.22301777957001,0.191537267164147,0.159928461884262,0.128226042409405,0.0964643749325231,0.0646774670908767,0.0328989238961206,0.00116190574901709,-0.0305009113849763,-0.0620573735719321,-0.0934758842192617,-0.12472543705016,-0.155775646703053,-0.186596776925867,-0.217159766344353,-0.24743625179317,-0.2773985892078,-0.307019872084704,-0.336273947526307,-0.365135429896454,-0.393579712120826,-0.421582974675441,-0.449122192314725,-0.476175138598744,-0.502720388286935,-0.528737317673089,-0.554206102943387,-0.579107716645911,-0.603423922366251,-0.627137267709595,-0.650231075694938,-0.672689434671849,-0.694497186874484,-0.715639915731297,-0.736103932052075,-0.755876259216617,-0.774944617491406,-0.79329740760223,-0.810923693691588,-0.827813185790152,-0.84395622193135,-0.859343750037383,-0.873967309703672,-0.887819014006853,-0.900891531459022,-0.913178068227977,-0.924672350739722,-0.935368608775526,-0.94526155917136,-0.9543463902226,-0.962618746891516,-0.970074716909263,-0.976710817857893,-0.982523985311377,-0.987511562107673,-0.991671288816734,-0.995001295461803,-0.997500094543659,-0.999166575409491,-1
"3","BRVO","FASHION QUEENS",-1,-0.996104670853549,-0.98832923861475,-0.976704095446636,-0.961274679967238,-0.94210129835886,-0.919258886946093,-0.892836717179029,-0.862938044185233,-0.829679700276635,-0.793191635014591,-0.753616403647115,-0.711108605935957,-0.665834277586747,-0.617970236682475,-0.567703387697908,-0.515229985839895,-0.46075486461493,-0.404490629670316,-0.346656822088334,-0.287479054433108,-0.227188122957431,-0.166019099470654,-0.104210406448953,-0.0420028790353139,0.0203611823718373,0.0826389652053652,0.144588099733227,0.205967612213627,0.266538872443163,0.326066531961847,0.384319449215866,0.441071598030443,0.496102955811219,0.54920036797256,0.600158385185144,0.648780070142527,0.694877770666732,0.738273856105842,0.778801414121475,0.816304905120466,0.850640771752186,0.881678001070444,0.909298637145678,0.933398242108768,0.953886303811371,0.970686588498366,0.983737437105049,0.992992004014248,0.998418437335588,1,0.997735131196077,0.991637447910412,0.981735686570377,0.968073585024208,0.950709705328724,0.929717198048593,0.905183509001872,0.87721002961365,0.845911692262205,0.811416512219049,0.773865077995096,0.733409992108644,0.690215264486585,0.644455660897062,0.596316008989283,0.545990464683406,0.493681741809828,0.439600308042239,0.383963550301687,0.326994912929355,0.268923012033163,0.20998072950718,0.150404290303097,0.0904323265988833,0.0303049325614844,-0.0297372865626178,-0.0894541672728613,-0.148606938792467,-0.206959168442519,-0.264277697678311,-0.320333565090899,-0.374902912728451,-0.427767872157839,-0.478717426767045,-0.527548246902841,-0.574065494545475,-0.61808359434253,-0.659426967956931,-0.697930728829044,-0.733441334609146,-0.765817194683714,-0.794929230396396,-0.820661385751288,-0.842911086581741,-0.86158964637145,-0.876622617125216,-0.887950083903821,-0.895526901859886,-0.8993228748387
"4","BRVO","GGD",1,0.999583837676555,0.998750234601306,0.997496641845426,0.995819255801234,0.993713041829448,0.991171765630215,0.988188032202732,0.984753332225587,0.980858095657757,0.976491752329004,0.97164279925801,0.966298874407302,0.960446836555935,0.954072850943978,0.947162480317544,0.939700780978998,0.931672403424789,0.923061697132566,0.913852819040437,0.904029845244133,0.893576885422741,0.882478199490505,0.87071831596111,0.858282151501796,0.845155131147742,0.831323308642436,0.816773486367055,0.80149333432154,0.785471507621802,0.768697761981353,0.751163066651913,0.732859714305639,0.713781427352088,0.693923460195413,0.673282696951779,0.651857744163378,0.629649018063793,0.606658825969637,0.582891441395267,0.558353172511058,0.533052423590826,0.506999749120709,0.480207900269808,0.452691863452241,0.4244688907407,0.39555852192309,0.36598259802625,0.335765266163942,0.304932975600106,0.273514464952777,0.241540740498759,0.20904504557418,0.176062821101103,0.14263165730547,0.108791236726547,0.0745832686526025,0.0400514151517439,0.00524120890037216,-0.0298000369554058,-0.0650233266380603,-0.100378086978202,-0.13581227972708,-0.171272520584873,-0.206704204560262,-0.242051637250734,-0.277258171608628,-0.312266349735131,-0.347018049223303,-0.381454633551953,-0.415517106014785,-0.449146266653779,-0.482282871652385,-0.514867794632732,-0.546842189291845,-0.578147652804809,-0.608726389417931,-0.63852137365229,-0.667476512537621,-0.695536806298267,-0.722648506916953,-0.748759274008293,-0.773818327442415,-0.797776596169575,-0.820586862709339,-0.842203902782612,-0.862584619581555,-0.881688172191133,-0.89947609769656,-0.915912426533328,-0.930963790660525,-0.944599524163903,-0.956791755922302,-0.967515493999741,-0.976748701455352,-0.98447236329452,-0.990670544316734,-0.995330437648854,-0.998442403786373,-1
"5","BRVO","LADIES OF LONDON",0.800818321907681,0.801636939054435,0.803268312697142,0.805700747258935,0.808916763582301,0.812893175687395,0.817601192632651,0.823006545065487,0.829069635950886,0.835745714867747,0.842985075167311,0.850733273195327,0.85893136869001,0.86751618538187,0.876420590739303,0.885573793725913,0.894901659362066,0.904327038814512,0.913770113674357,0.923148753025382,0.932378881852021,0.941374859289367,0.950049865176578,0.958316293340218,0.966086150005437,0.973271455710662,0.979784649085712,0.985538990843964,0.990448966336563,0.994430685020513,0.997402275202983,0.999284272441105,1,0.999475939801567,0.997642092332641,0.994432324023232,0.989784700653777,0.983641805404077,0.97595104021612,0.966664909207618,0.95574128294297,0.943143642442819,0.928841301892525,0.912809609093068,0.895030122784949,0.875490766066344,0.854185955220427,0.831116703363332,0.806290698423188,0.779722355061549,0.751432840251167,0.721450072327724,0.689808693437815,0.656550015410327,0.621721939183377,0.585378848023366,0.547581474876411,0.508396744294737,0.467897589481359,0.426162745094964,0.38327651655313,0.339328526665362,0.294413440517561,0.248630669616093,0.202084056382406,0.154881540167466,0.10713480602932,0.0589589175860596,0.0104719353205489,-0.0382054782282102,-0.0869504648991221,-0.135638387433271,-0.184143254512071,-0.232338152697807,-0.28009568363634,-0.327288404859362,-0.373789272507727,-0.419472084288075,-0.464211920972263,-0.507885584753015,-0.550372032779759,-0.591552804215616,-0.631312439180176,-0.669538887972558,-0.706123909005624,-0.740963453924544,-0.773958038431343,-0.805013097391253,-0.834039322856413,-0.860952983707663,-0.885676225685285,-0.908137350654668,-0.928271074032353,-0.946018759381733,-0.961328629275313,-0.974155951611627,-0.984463200669293,-0.992220192277893,-0.997404192584951,-1
"6","BRVO","MANZOD WITH CHILDREN",1,0.997479469104884,0.992445658495216,0.984913044575854,0.974903277163219,0.962445102015349,0.947574258002579,0.930333349314229,0.91077169319253,0.888945143779064,0.864915892750679,0.838752247510884,0.810528387788776,0.780324101580265,0.748224501445391,0.714319722250606,0.678704601515699,0.641478343591276,0.602744168954203,0.562608949964791,0.521182834480675,0.478578858768014,0.434912551190688,0.390301528192404,0.344865084114959,0.298723776418161,0.251999007883065,0.204812607390178,0.157286410867954,0.10954184400448,0.0616995083064693,0.0138787720747937,-0.033802632155278,-0.0812290021880391,-0.128287051267448,-0.17486628225414,-0.220859349474618,-0.266162406887791,-0.310675441269339,-0.354302589174579,-0.396952436505675,-0.438538299578663,-0.47897848665968,-0.518196539017785,-0.556121450623277,-0.592687865705475,-0.627836253471849,-0.661513059381096,-0.693670832455727,-0.724268328214646,-0.753270586902743,-0.780648986792178,-0.806381272428571,-0.830451557794222,-0.852850304459422,-0.873574274891539,-0.892626461189354,-0.910015989606845,-0.925758001325802,-0.939873510029913,-0.952389236924002,-0.963337423930495,-0.972755625880629,-0.980686482600025,-0.987177471866763,-0.992280644294657,-0.996052341264729,-0.998552897093739,-0.999846326689655,-1,-0.999084304609848,-0.997172297891607,-0.994339350148559,-0.990662780228127,-0.986221485108998,-0.981095564988359,-0.97536594541158,-0.969113997996545,-0.962421161308599,-0.955368563439545,-0.948036647835498,-0.94050480390358,-0.932851003906497,-0.92515144762717,-0.917480216252741,-0.909908936888726,-0.902506459069861,-0.895338544584594,-0.888467571875288,-0.881952256216337,-0.875847386807714,-0.870203581852304,-0.865067062611942,-0.860479447359678,-0.85647756606477,-0.853093296562561,-0.850353422874022,-0.848279516249787,-0.846887839421218,-0.846189274446849
"7","BRVO","MARRIED TO MED ATL",0.937002204252034,0.937414018755385,0.938233193690419,0.939450841283693,0.941053680716643,0.943024098903024,0.945340231139025,0.94797606129678,0.95090154115214,0.954082728359312,0.957481942508754,0.961057938630584,0.9647660974343,0.968558631506953,0.972384806626229,0.976191177282792,0.979921835447518,0.983518671564505,0.986921646700043,0.990069074731214,0.992897913415809,0.995344063147868,0.99734267217045,0.998828446989582,0.999735966710537,1,0.999555823365222,0.998339539434001,0.996288393917373,0.993341089940159,0.989438098433072,0.984521963293808,0.978537600043482,0.971432586728812,0.96315744584943,0.953665916123613,0.942915212944438,0.930866276421562,0.917484005951588,0.902737480311902,0.886600162328882,0.869050087231183,0.850070033862238,0.82964767799287,0.807775727044681,0.784452035607649,0.759679701210365,0.733467139878843,0.705828141099038,0.676781901879165,0.646353039690069,0.614571584145006,0.581472947364055,0.547097873052349,0.511492364405481,0.474707591039019,0.436799775222148,0.397830057777389,0.357864344089006,0.316973130741658,0.275231313387904,0.23271797651783,0.18951616587629,0.145712644342477,0.101397632152742,0.0566645324103303,0.0116096428848349,-0.0336681448406309,-0.0790676577653187,-0.124485764253812,-0.169817706007672,-0.214957437989667,-0.259797975031635,-0.304231743829017,-0.348150939002202,-0.391447881887068,-0.434015380704521,-0.475747090751549,-0.516537873254307,-0.556284151527029,-0.594884263089207,-0.632238806407265,-0.668250980946087,-0.702826919239896,-0.735876009721286,-0.767311209081317,-0.797049342972602,-0.825011393910887,-0.851122775278734,-0.875313590387293,-0.897518875608585,-0.917678826651061,-0.935739007115141,-0.951650538532774,-0.965370271165456,-0.976860934908506,-0.98609126972514,-0.993036135112049,-0.997676598178161,-1
"8","BRVO","NEWLYWEDS 1ST YEAR",1,0.998880798688802,0.996643892211746,0.99329226983742,0.988830407922549,0.983264260882011,0.976601249191077,0.968850244455891,0.960021551596932,0.950126888198801,0.939179361088081,0.927193440209185,0.91418492987601,0.900170937484889,0.885169839781622,0.86920124678239,0.852285963454959,0.834445949272848,0.815704275760965,0.796085082156639,0.775613529314905,0.754315751991466,0.732218809640726,0.709350635869826,0.685739986692692,0.661416387730552,0.636410080507428,0.61075196799054,0.584473559526523,0.557606915324738,0.530184590638858,0.502239579797221,0.473805260231288,0.444915336649834,0.415603785504273,0.385904799887842,0.35585273500813,0.325482054368794,0.294827276792168,0.263922924409897,0.232803471743721,0.201503295993189,0.170056628641258,0.138497508482653,0.106859736173385,0.0751768303930904,0.0434819857048028,0.011808032189518,-0.0198126030745982,-0.0513479326261868,-0.0827664432735166,-0.114037128739782,-0.145129520262552,-0.176013715117184,-0.20666040304214,-0.237040890552309,-0.267127123134553,-0.296891705327708,-0.326307918697265,-0.355349737722742,-0.383991843623429,-0.412209636155671,-0.43997924342208,-0.46727752974012,-0.494082101624199,-0.520371311941874,-0.546124262310882,-0.571320803809483,-0.595941536077996,-0.619967804894449,-0.643381698311849,-0.666166041448797,-0.688304390028899,-0.709781022767741,-0.730580932709034,-0.750689817613912,-0.770094069509217,-0.78878076350207,-0.806737645968895,-0.823953122227496,-0.840416243800751,-0.856116695379893,-0.871044781594355,-0.885191413693613,-0.898548096244492,-0.911106913944968,-0.922860518652601,-0.933802116722426,-0.943925456745385,-0.953224817774251,-0.961694998119482,-0.969331304792558,-0.976129543669144,-0.982086010438879,-0.987197482402789,-0.991461211173203,-0.994874916324741,-0.997436780038414,-0.999145442774125,-1
"9","BRVO","ODD MOM OUT",1,0.996864309672307,0.990603397558671,0.981238161309621,0.968799848972286,0.953329941305944,0.934879995584173,0.913511451492646,0.889295399879348,0.862312315258782,0.832651753112939,0.800412013168963,0.765699769965884,0.728629672150172,0.689323912061433,0.647911767285185,0.604529115958483,0.559317927716101,0.512425732259449,0.464005067617021,0.414212910243808,0.363210089177068,0.311160686527342,0.258231426635917,0.204591056273235,0.150409718286656,0.0958583211303681,0.0411079067251798,-0.0136709808988256,-0.0683089237282282,-0.122638252226183,-0.176493659715308,-0.22971280630557,-0.282136910031564,-0.333611322915129,-0.383986089729759,-0.433116487312522,-0.480863542346833,-0.527094525625358,-0.571683420895848,-0.614511366493893,-0.655467068074603,-0.694447180869979,-0.731356660019622,-0.766109077648922,-0.798626905500653,-0.828841762062237,-0.856694623271432,-0.882135996027315,-0.905126053880386,-0.925634734425194,-0.943641798070086,-0.959136848011235,-0.972119311391252,-0.982598381775803,-0.990592923234266,-0.996131336461833,-0.999251387530041,-1,-0.998433011276781,-0.994614894224248,-0.98861844519623,-0.980524439772019,-0.970421257611053,-0.958404477962943,-0.944576447484151,-0.92904582212119,-0.911927084921826,-0.893340041729926,-0.873409296806029,-0.852263710493988,-0.83003584112397,-0.806861373403231,-0.782878535598394,-0.758227507856051,-0.733049824042318,-0.707487769506368,-0.681683777187769,-0.65577982449275,-0.629916833360068,-0.604234075923286,-0.578868588152692,-0.553954593827184,-0.529622941144206,-0.506000554224384,-0.483209901707208,-0.461368484565075,-0.440588345185509,-0.420975599685853,-0.402629995331323,-0.385644494826585,-0.370104889143222,-0.356089440431102,-0.343668556441196,-0.332904497761234,-0.323851119034308,-0.31655364519461,-0.311048483614481,-0.307363072913383,-0.305515769032897
"10","BRVO","PEOPLES COUCH",-0.809801069541317,-0.810596695746133,-0.812182165121155,-0.814545937028557,-0.817670763987093,-0.821533767554897,-0.826106539028027,-0.831355264547142,-0.837240874105685,-0.8437192138562,-0.850741241016869,-0.858253240588673,-0.866197063005065,-0.874510381750878,-0.883126969906072,-0.89197699449271,-0.90098732743097,-0.910081871842125,-0.919181902373494,-0.928206418162766,-0.937072507007033,-0.945695719255369,-0.95399044990332,-0.961870327333209,-0.969248607115798,-0.976038569266969,-0.982153917337386,-0.987509177704053,-0.992020097429975,-0.995604039062027,-0.998180370747458,-0.999670850066285,-1,-0.999095475486524,-0.996888419046998,-0.993313804011721,-0.988310763920134,-0.98182290672306,-0.973798612474147,-0.964191313261527,-0.952959754199708,-0.940068234375496,-0.92548682671992,-0.9091915758605,-0.891164673094331,-0.871394607712052,-0.849876293995524,-0.826611173307521,-0.801607290789577,-0.77487934628401,-0.746448719197543,-0.716343467126641,-0.684598298168043,-0.651254516941847,-0.61635994445823,-0.579968812062287,-0.54214162979394,-0.502945029601135,-0.462451583944153,-0.420739600426426,-0.377892893182361,-0.334000531845051,-0.289156569005857,-0.243459747163529,-0.1970131862423,-0.149924052835961,-0.102303212408074,-0.0542648657467527,-0.00592617103576354,0.0425931470383847,0.0911711996711939,0.139684346297956,0.188007615364962,0.236015131919816,0.283580550398137,0.33057749096176,0.376879977727907,0.422362877219539,0.466902335364517,0.510376211374995,0.552664506848968,0.593649788452671,0.633217602566008,0.671256880302696,0.707660331352797,0.742324825137221,0.775151757811669,0.806047403711111,0.834923249885002,0.861696312437886,0.886289433459464,0.908631557402463,0.928657985845325,0.946310609659595,0.961538117688644,0.974296181134505,0.984547612943056,0.99226250157385,0.997418318639479,1
"11","BRVO","SOUTHERN CHARM",-1,-0.997526138388468,-0.992585445575838,-0.985191957334097,-0.975366664795211,-0.963137439688878,-0.94853893510669,-0.9316124621737,-0.912405843100899,-0.890973241182615,-0.867374968391314,-0.841677271308035,-0.813952096209666,-0.784276834213979,-0.7527340474595,-0.719411177369673,-0.684400236119022,-0.64779748248286,-0.609703083311358,-0.570220761923162,-0.529457434763054,-0.487522837712193,-0.444529143478101,-0.400590571524579,-0.355822992029025,-0.310343525376174,-0.264270138712816,-0.217721241097708,-0.170815278784529,-0.123670332173338,-0.0764037159576225,-0.0291315839796873,0.0180314597131095,0.0649727421448514,0.11158189358563,0.157751209226944,0.203375999003482,0.248354924254953,0.292590319974837,0.335988501450909,0.37846005416519,0.419920105887956,0.46028857997173,0.499490428926188,0.537455847433544,0.574120464045822,0.609425510890135,0.643317970795495,0.675750701344161,0.706682535442056,0.736078358095675,0.763909159177059,0.79015206205329,0.814790328052253,0.837813336831716,0.859216542813801,0.879001407941109,0.897175311103942,0.913751434679806,0.928748628716137,0.942191253375018,0.954109000343704,0.964536693997173,0.97351407317799,0.981085554534427,0.987299978429631,0.992210338502355,0.995873496023262,0.998349880249576,0.999703176034896,1,0.999309566614136,0.997703345574762,0.9952547119064,0.992038590226505,0.988131094647517,0.983609165799819,0.978550206469872,0.973031717351409,0.967130934405218,0.960924469314713,0.954487954510294,0.947895694215312,0.94122032294064,0.934532472823237,0.927900451166954,0.921389929501333,0.915063645426364,0.90898111845832,0.903198381034213,0.897767725770112,0.892737470001962,0.888151738566853,0.88405026570822,0.880468216910359,0.8774360313865,0.874979285860534,0.873118580195878,0.871869445336072,0.871242273931094
"12","BRVO","THICKER THN WATER",0.0946045820728258,0.0968248861991841,0.101255133348418,0.107874643781715,0.116652503892051,0.127547692932666,0.140509251202061,0.155476489015565,0.172379235631011,0.191138127136814,0.211664932155521,0.233862914065034,0.257627228294232,0.282845353109679,0.309397552176519,0.337157367049816,0.365992137632992,0.395763548528264,0.426328199100361,0.457538194979894,0.489241758646716,0.521283856657052,0.553506841011144,0.58575110210109,0.617855730631618,0.649659185869901,0.680999967554356,0.711717288776772,0.741651747147176,0.770645991556517,0.798545381868566,0.825198638899368,0.850458482079879,0.874182252245145,0.896232517051158,0.916477656588233,0.93479242683709,0.95105849870052,0.965164970439139,0.977008851444038,0.986495515391627,0.993539120946155,0.998062998302992,1,0.999292814564895,0.995894241712797,0.989767427959486,0.980886061671843,0.969234526736727,0.954808014192663,0.937612591334427,0.917665227968353,0.894993779665177,0.869636928026968,0.84164407815433,0.811075213669065,0.778000709815102,0.742501105326141,0.704666833911356,0.664597916370212,0.622403614503072,0.578202048135473,0.532119776719868,0.484291347118963,0.434858809308658,0.383971201865853,0.331784009226137,0.278458592808495,0.224161598207937,0.169064340752168,0.113342171804566,0.0571738282725187,0.000740767847313029,-0.0557735074409795,-0.112184136723232,-0.168305592178373,-0.223952374614551,-0.278939710035314,-0.333084244476831,-0.386204734407884,-0.438122730000714,-0.488663248607752,-0.537655435816723,-0.58493321150436,-0.630335898366912,-0.673708830473495,-0.714903939465817,-0.753780316114707,-0.790204745039729,-0.824052210502716,-0.855206371298739,-0.883560002888606,-0.909015405044784,-0.931484773417248,-0.95089053356671,-0.967165636159262,-0.980253812168254,-0.990109787085525,-0.996699453304349,-1
"13","BRVO","UNTYING KNOT",0.907191058118384,0.90770715143436,0.908734515990469,0.910263529414299,0.912279812506759,0.914764294225597,0.917693297917972,0.921038648450907,0.924767799803364,0.928843982600161,0.933226370986684,0.937870268164303,0.942727309830212,0.947745684692088,0.952870371158058,0.958043389236086,0.963204066614333,0.968289317835623,0.973233935425044,0.977970891780131,0.982431650588227,0.986546486495755,0.990244811719245,0.993455508258381,0.996107264347042,0.998128913759476,0.999449776575388,1,0.999710897832957,0.998515287183368,0.996347821037376,0.993145315299199,0.988847068946725,0.983395175968291,0.976734827778149,0.968814604844191,0.959586756302684,0.949007466380848,0.937037106498819,0.923640471978008,0.908787002342332,0.892450984262659,0.874611736262242,0.855253774372079,0.834366957999486,0.811946615350577,0.78799364782736,0.762514612902638,0.735521785060319,0.707033194474967,0.677072643191976,0.645669698658277,0.612859664542852,0.578683528875799,0.543187889624331,0.506424857913211,0.468451939185631,0.429331892687798,0.38913256974654,0.347926731393298,0.305791845970004,0.262809867431947,0.219066995139624,0.174653416005444,0.129663029931656,0.0841931595427623,0.0383442452787393,-0.00778047302578433,-0.0540752868966418,-0.100432361079904,-0.146742085231478,-0.19289343412148,-0.238774335003254,-0.284272040767075,-0.329273507474088,-0.373665774847105,-0.417336348281368,-0.460173580930664,-0.502067054421904,-0.542907956754789,-0.582589455952276,-0.621007068042275,-0.658059017971236,-0.693646592076037,-0.727674480771672,-0.760051110148578,-0.790688961214891,-0.819504875565356,-0.846420346309742,-0.871361793149368,-0.894260820550464,-0.915054458027235,-0.933685381615621,-0.950102115690355,-0.964259214352969,-0.976117421696339,-0.985643810332131,-0.992811897650631,-0.997601739367628,-1
"14","BRVO","VANDERPUMP RULES",0.129089438290075,0.126493646599169,0.121313579512506,0.113572222915623,0.103303939060491,0.0905543271927485,0.0753800385838759,0.0578485467032512,0.0380378734432474,0.0160362724852736,-0.00805812893507152,-0.0341377284401131,-0.0620858855161283,-0.0917773953764467,-0.123078997798148,-0.155849918909673,-0.189942443775525,-0.225202517501507,-0.261470372470338,-0.298581179213222,-0.336365718328583,-0.374651070775111,-0.413261323792666,-0.452018289641913,-0.490742234301969,-0.529252613225116,-0.567368811218779,-0.604910883507824,-0.641700295024637,-0.67756065498061,-0.712318443790419,-0.745803729449883,-0.777850870509021,-0.80829920283409,-0.836993707415643,-0.863785656553798,-0.888533235836541,-0.911102139421875,-0.931366136239352,-0.949207604840756,-0.964518034752966,-0.977198492317681,-0.987160049142476,-0.994324171434769,-0.998623068644299,-1,-0.998409537693015,-0.993817785628444,-0.986202552843572,-0.975553480869038,-0.96187212449106,-0.945171985556613,-0.925478499648737,-0.902828975645119,-0.877272488359076,-0.848869724647264,-0.817692783552208,-0.783824931229264,-0.747360311586249,-0.708403613738999,-0.667069697556726,-0.623483178736825,-0.577777975008748,-0.530096815220371,-0.480590713207184,-0.429418408483981,-0.376745775930261,-0.322745206763306,-0.267594963206823,-0.211478509367454,-0.154583820925877,-0.0971026763335909,-0.0392299322800426,0.0188372137423622,0.0768999708962592,0.134758709560802,0.192213720048306,0.249065972510509,0.305117875063313,0.360174027165046,0.414041965301072,0.466532898057021,0.517462427703808,0.566651255469851,0.613925867739274,0.659119200489105,0.702071279363337,0.742629832876728,0.780650876346267,0.81599926426253,0.848549208936667,0.878184763390659,0.904800266598465,0.928300749333077,0.94860229902879,0.965632382228561,0.979330123352489,0.989646538694652,0.996544724730993,1
"15","ENT","BOTCHED",1,0.997817233378266,0.993457426551572,0.986932012603989,0.978258091863064,0.967458372951602,0.954561094539303,0.939599928091799,0.92261386198692,0.903647067438728,0.882748746738946,0.859972964392405,0.835378461787984,0.809028456108772,0.780990424244717,0.751335872527623,0.720140093161656,0.687481908272509,0.653443402544678,0.618109645458894,0.581568404180298,0.543909848182505,0.505226246722927,0.465611660310647,0.425161627329603,0.383972846996747,0.342142859847209,0.299769726946105,0.256951709029713,0.213786946777002,0.170373143406188,0.126807250779934,0.0831851601872864,0.0396013989501913,-0.00385116602205449,-0.0470816166361482,-0.0900012629147495,-0.132523912169308,-0.17456612706321,-0.216047471627828,-0.256890744342723,-0.297022197443406,-0.336371741675406,-0.374873135771723,-0.412464159991885,-0.44908677312446,-0.484687252420786,-0.519216315995647,-0.552629227300235,-0.584885881343985,-0.615950872414101,-0.645793543114917,-0.674388014623049,-0.701713198128472,-0.727752787505875,-0.752495233334591,-0.775933698458779,-0.798065995352068,-0.818894505622317,-0.838426082062119,-0.856671933718992,-0.873647494525588,-0.889372276094328,-0.90386970534263,-0.917166947673741,-0.9292947164943,-0.940287069902543,-0.95018119543055,-0.959017183769839,-0.966837792451797,-0.973688200492641,-0.979615755046846,-0.984669711142925,-0.988900965601151,-0.992361786254094,-0.995105537607596,-0.997186404092046,-0.998659112061448,-0.999578651700711,-1,-0.999977845948625,-0.999566319090115,-0.998818722564586,-0.997787271744646,-0.99652283954661,-0.995074709470168,-0.993490337386732,-0.991815123059689,-0.990092192338949,-0.988362190927466,-0.986663090569228,-0.985030008456536,-0.983495040599665,-0.982087109844141,-0.980831829160466,-0.97975138076807,-0.978864411590072,-0.978185945468216,-0.977727312498454,-0.977496095777255
"16","ENT","BOTCHED POST OP",1,0.998438983471359,0.995320190202232,0.990650089865482,0.984438362247996,0.976697867685141,0.967444607808497,0.956697676750422,0.944479202983884,0.930814282010082,0.915730900139786,0.899259849646649,0.881434635602095,0.862291374731466,0.84186868665991,0.820207577943901,0.797351319310077,0.773345316547316,0.748236975520486,0.722075561794939,0.694912055379675,0.66679900111389,0.637790355236473,0.607941328690729,0.577308227727237,0.545948292376175,0.513919533366694,0.481280568074963,0.448090456084267,0.414408534940136,0.380294256680726,0.345807025717869,0.311006038636988,0.275950126474885,0.240697600022932,0.205306098689724,0.169832443441721,0.134332494322876,0.0988610130348744,0.0634715310383618,0.0282162236126082,-0.00685420971359474,-0.0416906579731048,-0.0762457044545991,-0.110473724949578,-0.144330978252188,-0.177775688643091,-0.210768120120799,-0.243270642176985,-0.275247786946017,-0.306666297593347,-0.337495167842169,-0.367705672572869,-0.397271389465078,-0.426168211687418,-0.454374351675271,-0.481870336071804,-0.50863899194207,-0.534665424404049,-0.559936985853855,-0.584443236994965,-0.608175899912965,-0.631128803467996,-0.653297821306528,-0.674680802822317,-0.695277497423215,-0.71508947248583,-0.734120025403782,-0.752374090157347,-0.769858138852579,-0.78658007869645,-0.802549144891052,-0.817775789944477,-0.832271569908474,-0.846049028063411,-0.859121576579366,-0.871503376688313,-0.883209217906322,-0.89425439684647,-0.904654596162725,-0.91442576416245,-0.923583995620371,-0.932145414319886,-0.940126057838496,-0.947541765082981,-0.95440806706668,-0.960740081406022,-0.966552410996339,-0.971859047307921,-0.976673278722546,-0.9810076043082,-0.984873653405605,-0.988282111374611,-0.991242651821458,-0.993763875599657,-0.995853256847755,-0.997517096296678,-0.998760482047928,-0.999587257991568,-1
"17","ENT","BURNING LOVE",-1,-0.99623846839498,-0.988729730427049,-0.977502380558227,-0.962599170646625,-0.944076842761326,-0.922005907294234,-0.896470367242584,-0.8675673897477,-0.835406926183287,-0.800111282289061,-0.76181464004222,-0.720662533149182,-0.676811278222627,-0.630427363883269,-0.581686800191345,-0.530774430968924,-0.477883211720135,-0.423213455991694,-0.36697205314026,-0.309371660585501,-0.250629873728087,-0.190968376799447,-0.13061207798507,-0.0697882322247415,-0.00872555514131723,0.0523466684156775,0.11319947770449,0.17360512778944,0.233337976095716,0.29217536033389,0.349898464341847,0.406293168439765,0.461150880955197,0.514269347649994,0.565453435868165,0.614515890323944,0.661278057561383,0.705570576240757,0.747234030542099,0.786119564121972,0.822089452215476,0.855017629640794,0.884790172637862,0.911305732654992,0.934475920387118,0.954225638565814,0.970493362203463,0.983231365201573,0.992405892444879,0.997997276718096,1,0.998422698909058,0.993288114295196,0.984632985192815,0.972507887569572,0.956977018523456,0.938117926795732,0.916021190679287,0.890790044609312,0.862539955925743,0.831398153493407,0.797503110055635,0.761003980379638,0.72205999742614,0.680839828941328,0.637520897025156,0.592288663375895,0.545335883046157,0.496861829669563,0.447071495229615,0.396174767542542,0.344385588713513,0.291921097900494,0.239000761781566,0.185845496169764,0.132676782254167,0.0797157809667146,0.0271824489813759,-0.0247053401545611,-0.0757326662779253,-0.125688420811043,-0.174366149510257,-0.221564876426159,-0.267089905814709,-0.310753598825765,-0.352376121895686,-0.391786163882568,-0.428821619106675,-0.463330233593513,-0.495170211962729,-0.524210782561792,-0.550332718608674,-0.573428813281817,-0.593404306877969,-0.610177264348039,-0.623678901717515,-0.6338538601002,-0.640660426221325,-0.644070698577706
"18","ENT","CHRISTINA MILIAN",1,0.996955574153076,0.990876677894522,0.981783184837868,0.969704812405807,0.95468101063858,0.936760814612644,0.916002661044054,0.892474169790351,0.866251891101302,0.83742101960204,0.806075076121525,0.772315558604153,0.736251563462507,0.697999378843937,0.657682051392678,0.615428928191909,0.571375175666341,0.525661277314985,0.478432512225578,0.42983841639621,0.380032228955856,0.329170325433451,0.277411640274572,0.224917080845671,0.171848935197806,0.118370275884936,0.064644362145893,0.0108340427642328,-0.0428988380839823,-0.0963940296975014,-0.149493456157524,-0.202041787831961,-0.253887000872518,-0.30488092254933,-0.35487976032488,-0.403744612634159,-0.451341959411206,-0.497544130483046,-0.542229750040258,-0.585284155488675,-0.626599789088559,-0.66607656089572,-0.703622181632947,-0.739152464239379,-0.772591592969595,-0.803872359042736,-0.832936361974371,-0.85973417585963,-0.884225480014709,-0.906379153524738,-0.926173333388607,-0.943595436095112,-0.958642142609115,-0.971319346890815,-0.981642068215011,-0.989634327699994,-0.995328989596678,-0.998767568027426,-1,-0.999084385654759,-0.9960866968321,-0.9910804551716,-0.984146381073995,-0.975372014971464,-0.964851312460263,-0.952684214952149,-0.938976197596803,-0.923837796316308,-0.907384115874218,-0.889734320975593,-0.871011112460345,-0.851340190709901,-0.830849708436561,-0.809669715065586,-0.78793159495199,-0.765767501697046,-0.743309790843543,-0.720690453233843,-0.698040551310733,-0.675489660627958,-0.653165318815252,-0.631192484211676,-0.60969300634134,-0.588785110357183,-0.568582897521693,-0.549195863728452,-0.530728437995445,-0.513279542780477,-0.496942177881122,-0.481803029586726,-0.467942106648465,-0.455432404525755,-0.444339599253802,-0.434721772158289,-0.426629166519497,-0.420103977160116,-0.415180173799138,-0.411883358878938,-0.410230660434652
"19","ENT","ERIC JESSIE GAME ON",1,0.997947730448906,0.993848374568957,0.987712281226707,0.979554929843707,0.969396877928603,0.957263691429204,0.943185858168041,0.927198684688946,0.909342176904744,0.889660904997432,0.868203853081473,0.845024254198337,0.820179411265521,0.793730504656062,0.765742387134657,0.736283366923766,0.705424979717337,0.673241750500878,0.639810946074283,0.605212319208072,0.5695278453943,0.532841453180242,0.495238749095914,0.45680673820567,0.417633541329031,0.377808109986973,0.337419940136773,0.296558785761199,0.255314373376505,0.213776118518066,0.172032845252939,0.13017250975481,0.0882819289591408,0.0464465152945797,0.00475001846119483,-0.0367257248032073,-0.0779010320603627,-0.118698606740548,-0.159043759111197,-0.198864615856079,-0.238092317521979,-0.276661203138715,-0.314508981369901,-0.351576887605806,-0.387809826465918,-0.423156499237077,-0.457569515833034,-0.491005490922896,-0.523425123938806,-0.55479326273708,-0.585078950751846,-0.614255457545433,-0.642300292725381,-0.669195203263503,-0.694926154317842,-0.719483293723202,-0.742860900380129,-0.765057316835302,-0.786074866408243,-0.805919755279659,-0.824601960015377,-0.84213510105662,-0.85853630276189,-0.873826040637863,-0.888027976446295,-0.901168781920674,-0.913277951870141,-0.924387607488824,-0.934532290726097,-0.94374875060709,-0.9520757224231,-0.959553700738127,-0.966224707180506,-0.972132054007533,-0.977320104445815,-0.981834030821026,-0.985719571497535,-0.989022787651047,-0.991789820896133,-0.994066652784899,-0.99589886718364,-0.997331416520652,-0.998408392880879,-0.99917280490159,-0.99966636139804,-0.99992926261907,-1,-0.999915165244195,-0.999709269525223,-0.999414573559067,-0.999060929250312,-0.998675633567843,-0.998283295254747,-0.997905714923602,-0.997561779032931,-0.997267368182895,-0.997035280109137,-0.996875167692811,-0.99679349224276
"20","ENT","HELLO ROSS",1,0.997536613044094,0.992616820460865,0.985254560059939,0.97547067653231,0.963292847288912,0.948755484022162,0.931899610368283,0.912772716139943,0.891428588688562,0.867927122043273,0.84233410455867,0.814720985885676,0.785164624158931,0.753747014369667,0.720554998964762,0.685679961780365,0.649217506481818,0.611267120740354,0.571931827430952,0.531317824184683,0.489534112672533,0.446692119035977,0.402905306912341,0.358288784530112,0.31295890737062,0.267032877908006,0.22062834394899,0.173862997097469,0.126854172866721,0.0797184539536377,0.0325712781751908,-0.0144734474526892,-0.0613037250395293,-0.107809835125223,-0.153884695579707,-0.199424208754135,-0.244327595587945,-0.288497715428996,-0.331841370381442,-0.374269593058243,-0.415697916681656,-0.456046626545719,-0.495240991929122,-0.533211477624819,-0.569893934333863,-0.605229767255009,-0.639166082288195,-0.671655809358833,-0.702657802460512,-0.732136916105892,-0.760064057968863,-0.786416217595154,-0.811176471153074,-0.834333962290532,-0.855883859258732,-0.875827288556314,-0.894171245440159,-0.910928481739923,-0.926117371502534,-0.939761755079823,-0.951890762356886,-0.962538615900441,-0.971744414884854,-0.979551900728548,-0.986009205444711,-0.991168583777457,-0.995086130257427,-0.997821482369231,-0.999437511076637,-1,-0.999577314583834,-0.998240062630428,-0.996060747608001,-0.993113416168735,-0.989473301333276,-0.985216462813625,-0.980419425955817,-0.975158820787448,-0.969511022652682,-0.963551795909232,-0.957355942147593,-0.950996954372981,-0.944546678564656,-0.938074983996107,-0.931649443662692,-0.925335026121221,-0.919193799998569,-0.913284652374067,-0.907663022183286,-0.902380649729063,-0.897485343319643,-0.893020763983684,-0.889026229138005,-0.885536536006642,-0.882581805509194,-0.880187347253135,-0.878373546178793,-0.877155771317678,-0.876544307034875
"21","ENT","HOLLYWOOD MEDIUM",1,0.996977610226072,0.990942663542648,0.9819147889404,0.969923338202823,0.955007276262901,0.937215035676485,0.916604335778531,0.893241967225781,0.867203542764005,0.838573215189236,0.807443363599941,0.773914249160204,0.738093641712407,0.700096418690978,0.660044137896207,0.618064585788404,0.574291303057383,0.528863089310194,0.481923488800519,0.433620259196303,0.384104825447318,0.333531720871483,0.282058017627541,0.229842748781941,0.177046324209342,0.123829942588971,0.0703550017729295,0.0167825098075378,-0.0367275011152278,-0.0900165555120477,-0.142928308026028,-0.19530910719622,-0.247008547406525,-0.297880006889401,-0.347781169715982,-0.396574529768468,-0.44412787476275,-0.490314748468952,-0.535014889364487,-0.578114644048086,-0.61950735384364,-0.659093713129238,-0.696782098039003,-0.7324888643029,-0.766138613111974,-0.797664424023184,-0.827008054048462,-0.854120102206465,-0.878960138952031,-0.901496800037247,-0.921707844498506,-0.939580176605653,-0.955109831751557,-0.968301926402717,-0.979170572373267,-0.987738755825372,-0.994038181537997,-0.998109083122806,-1,-0.999767522077661,-0.997476003205163,-0.993197244593895,-0.987010149516472,-0.979000350708309,-0.969259812002427,-0.95788640582927,-0.944983468307745,-0.930659333741197,-0.9150268504124,-0.898202879644397,-0.880307780159023,-0.861464879821848,-0.841799936910868,-0.8214405930864,-0.80051582027112,-0.77915536367188,-0.757489183188801,-0.73564689546207,-0.713757218802916,-0.691947423242307,-0.670342787909207,-0.649066067919655,-0.628236972918845,-0.607971659370617,-0.588382238632923,-0.569576302793704,-0.551656470169795,-0.534719952292062,-0.518858144113325,-0.504156239082157,-0.490692870625572,-0.478539781477532,-0.467761522178347,-0.458415179952971,-0.450550139054368,-0.444207873531896,-0.43942177325477,-0.436217003887339,-0.434610401376958
"22","ENT","HOUSE OF DVF",1,0.999875606244357,0.999624388827473,0.999241500410391,0.998719701113193,0.998049395723646,0.997218683066724,0.996213417328808,0.995017281080388,0.993611869692107,0.991976786791238,0.990089750359346,0.987926709027158,0.985461968079682,0.982668324643625,0.979517211490227,0.975978848850053,0.972022403602002,0.967616155167203,0.962727667409433,0.957323965817574,0.95137171922229,0.944837425278908,0.937687598931202,0.929888963056849,0.921408640484394,0.912214346564051,0.902274581470358,0.891558821413698,0.880037707940068,0.867683234504062,0.854468929508982,0.840370035020132,0.825363680372739,0.809429049914435,0.792547544143839,0.774702933531335,0.755881504335645,0.736072195760007,0.715266727824739,0.693459719368413,0.670648795627732,0.646834684886339,0.622021303725004,0.596215830449749,0.569428766320446,0.541673984249831,0.51296876469179,0.483333818487846,0.452793296491812,0.421374785844482,0.389109292822662,0.35603121223972,0.322178283427843,0.287591532885216,0.252315203724055,0.216396672107799,0.179886350917374,0.142837580937278,0.10530650990195,0.0673519597914127,0.0290352828121674,-0.00957979345522819,-0.0484273312169148,-0.087439357368202,-0.126546047531711,-0.165675918587976,-0.204756029020639,-0.243712186366235,-0.282469161029244,-0.320950905696519,-0.359080779561622,-0.396781776549082,-0.433976756711118,-0.470588679955193,-0.506540841249755,-0.541757106447841,-0.576162147863889,-0.609681678738071,-0.642242685724828,-0.673773658547957,-0.704204815973656,-0.733468327265201,-0.76149852829852,-0.788232131536656,-0.813608429082966,-0.837569488057807,-0.860060337571279,-0.881029146595225,-0.900427392071095,-0.918210016626176,-0.934335575309103,-0.948766370796227,-0.961468576563232,-0.972412347561155,-0.98157191798256,-0.98892568575177,-0.994456283422687,-0.99815063521857,-1
"23","ENT","I AM CAIT",1,0.997488508157866,0.992472732759322,0.984967064595963,0.974993025504646,0.962579191423972,0.947761090263607,0.930581074979027,0.911088172339465,0.889337907970219,0.865392108341492,0.839318680464391,0.81119137014014,0.781089499690685,0.749097686177324,0.715305541188631,0.679807353349103,0.642701754765914,0.604091372692031,0.564082467740096,0.522784560032167,0.480310044715841,0.436773798317019,0.392292777433591,0.346985611302436,0.300972189794259,0.254373248406824,0.207309951837056,0.159903477716176,0.112274602089574,0.0645432882144876,0.0168282802336848,-0.0307532967374569,-0.0780863286000378,-0.125058094859214,-0.171558640371138,-0.217481134854294,-0.262722218819868,-0.307182334630598,-0.350766041457408,-0.393382312967792,-0.434944816649007,-0.47537217374261,-0.514588198844208,-0.552522118303314,-0.589108766642601,-0.624288760303146,-0.658008648112342,-0.690221037963421,-0.720884699289813,-0.749964641013363,-0.777432164742455,-0.803264893093855,-0.827446773110341,-0.849968054844401,-0.870825245276188,-0.890021037831035,-0.907564217857867,-0.923469544524329,-0.937757609677072,-0.95045467430602,-0.961592483339206,-0.971208059579593,-0.979343477676836,-0.986045619104887,-0.991365909190365,-0.995360037306456,-0.998087661412446,-0.999612098179634,-1,-0.999321020224484,-0.997647468022795,-0.995053954296202,-0.991617030108522,-0.98741481912851,-0.982526645598796,-0.977032659362504,-0.971013459488485,-0.964549718039832,-0.957721805527869,-0.950609419585195,-0.943291218376693,-0.935844460246622,-0.928344651073221,-0.920865200769662,-0.913477090331911,-0.906248550790166,-0.89924475537129,-0.892527526125197,-0.886155056208675,-0.880181648955967,-0.874657474796741,-0.869628347009161,-0.865135517218976,-0.861215491475081,-0.857899867648256,-0.855215194813088,-0.853182855183737,-0.851818969082601,-0.851134323327435
"24","ENT","MARRIED TO JONAS",1,0.997816171100735,0.993454244261249,0.986925661631876,0.978247537093952,0.967442597257077,0.954539103138375,0.93957075282163,0.922576565466432,0.903600747108337,0.882692538760135,0.859906047391412,0.835300060428512,0.808937844479278,0.780886929046598,0.751218876051401,0.720009036039089,0.68733629199347,0.65328279172856,0.617933669871267,0.58137676048658,0.543702301431426,0.505002631553654,0.465371881878527,0.424905661946602,0.383700742483807,0.341854735596843,0.299465773694778,0.256632188340634,0.213452190235157,0.170023551528546,0.126443291644934,0.0828073677887862,0.0392103712821938,-0.00425476914254797,-0.0474970759997265,-0.0904278025942151,-0.132960702427932,-0.175012287485302,-0.216502074459398,-0.257352818029191,-0.297490730350519,-0.336845685978783,-0.37535141149979,-0.412945659206324,-0.449570364221763,-0.485171784538006,-0.519700623503012,-0.553112134362953,-0.585366206535264,-0.616427433361216,-0.64626516116,-0.674853519480206,-0.702171432518855,-0.728202611752393,-0.752935529898103,-0.776363376397818,-0.798483994688469,-0.819299801595433,-0.838817689254787,-0.857048910038882,-0.874008945026113,-0.889717356619967,-0.904197625984124,-0.917476976019446,-0.929586180664704,-0.940559361355841,-0.950433771528048,-0.959249570090908,-0.967049584849058,-0.973879066879108,-0.97978543690776,-0.984818024766134,-0.989027803020967,-0.992467115904683,-0.995189404683096,-0.997248930611773,-0.998700496639668,-0.999599169021671,-1,-0.999957752708125,-0.999526629439957,-0.998760004411579,-0.997710162122812,-0.996428042401519,-0.994962993184796,-0.993362532058309,-0.991672117537984,-0.989934931037367,-0.988191670419225,-0.986480355981731,-0.984836149677852,-0.98329118831175,-0.981874431398138,-0.980611524310021,-0.979524677277168,-0.978632560732386,-0.977950217435401,-0.977488991735153,-0.977256476260891
"25","ENT","RICHKIDS OF BH",-0.0498727658210437,-0.0474076283921122,-0.0424884698859689,-0.0351374777655156,-0.0253878203036633,-0.0132835115805882,0.00112076768372216,0.0177598927491651,0.0365585600421401,0.0574315938544594,0.0802842933347661,0.105012818392354,0.131504612978372,0.159638864060658,0.189286994466223,0.220313187630568,0.252574942165761,0.285923654040352,0.320205224053994,0.355260688188603,0.390926868326464,0.42703704074415,0.463421619719791,0.499908853530567,0.536325530067254,0.572497689253636,0.608251339430774,0.643413174849427,0.677811291408554,0.711275897783923,0.743640019107942,0.774740190390568,0.804417136910604,0.832516438857432,0.858889177564535,0.883392560748094,0.905890524246121,0.926254307845606,0.944363002886824,0.960104069444758,0.97337382100703,0.984077874695563,0.992131565214669,0.997460320850979,1,0.999697186849515,0.996509445010891,0.990405528055115,0.981365546080101,0.969381087609296,0.954455296297611,0.936602902099058,0.915850206730065,0.892235023442807,0.865806571303282,0.836625324348355,0.804762816174322,0.770301400685466,0.733333969904325,0.693963629915107,0.652303336177155,0.608475489606045,0.562611494975066,0.514851283338998,0.465342800324423,0.414241462266091,0.361709582296249,0.307915768612906,0.253034297263528,0.197244461881761,0.140729902906448,0.0836779188938779,0.0262787626056262,-0.0312750753848018,-0.0887895927732565,-0.146070008461772,-0.202921499490678,-0.259149939088979,-0.314562632960719,-0.368969050930973,-0.422181551092443,-0.474016093622226,-0.524292941478,-0.57283734523358,-0.619480209375332,-0.664058737452876,-0.706417053559917,-0.746406797713182,-0.783887692799359,-0.818728080870817,-0.850805426690734,-0.880006786556166,-0.90622924056344,-0.929380286623162,-0.949378194681904,-0.966152319763269,-0.979643372602322,-0.989803646813347,-0.996597201701185,-1
"26","ENT","ROYALS",1,0.999610430463363,0.998829908012151,0.997655674232562,0.996083612323292,0.994108271978819,0.991722902400869,0.988919493296436,0.985688823686384,0.982020518315045,0.977903111418424,0.973324117576832,0.968270109347054,0.962726801339686,0.956679140379155,0.950111401357253,0.943007288365939,0.935350040671713,0.92712254307222,0.918307440155931,0.908887253967855,0.898844504568405,0.888161832958698,0.876822125833947,0.864808641617081,0.852105137217469,0.838695994954613,0.824566349083875,0.80970221136089,0.794090595083093,0.777719637050873,0.760578716897272,0.742658573243729,0.723951416150159,0.704451035340717,0.684152903701615,0.663054275564638,0.641154279309055,0.618454003835827,0.59495657849086,0.570667246038782,0.545593428315042,0.519744784212018,0.493133259684166,0.465773129487883,0.437681030403654,0.408875985720966,0.379379420800418,0.349215169562147,0.31840947178512,0.28699096113779,0.254990643896964,0.222441868348349,0.18938028489898,0.155843796968424,0.121872502762189,0.0875086280669601,0.0527964502430527,0.017782213624588,-0.0174859634276811,-0.0529581895424668,-0.0885829091120119,-0.124307018481818,-0.160075989183612,-0.195833997810426,-0.23152406210543,-0.267088182810556,-0.302467490797042,-0.337602398977944,-0.372432758482434,-0.406898018553493,-0.440937389614429,-0.474490008935565,-0.507495108320555,-0.539892183222117,-0.571621162689523,-0.602622579545095,-0.632837740184098,-0.662208893391957,-0.690679397574546,-0.71819388580146,-0.744698428068639,-0.77014069019549,-0.794470088782633,-0.817637941669629,-0.839597613347434,-0.860304654797802,-0.879716937251382,-0.897794779377737,-0.914501067443908,-0.929801368003237,-0.943664032703106,-0.956060294828599,-0.966964357229086,-0.976353471305981,-0.98420800677246,-0.990511511929598,-0.995250764238008,-0.998415810999564,-1
"27","ENT","STUDIO E",-1,-0.998470886898839,-0.995415774576423,-0.990840881386007,-0.984755511375368,-0.97717202620413,-0.968105807859529,-0.957575212306451,-0.94560151424046,-0.932208843144891,-0.917424110884625,-0.901276931099744,-0.883799530691952,-0.865026653725059,-0.844995458088164,-0.823745405295956,-0.801318143825135,-0.777757386408768,-0.753108781731752,-0.727419780990102,-0.700739499794593,-0.673118575915248,-0.644609023377146,-0.615264083430201,-0.585138072925482,-0.554286230638792,-0.522764562088083,-0.490629683395152,-0.457938664743776,-0.42474887398608,-0.391117820946426,-0.357103002967466,-0.322761752236399,-0.28815108542069,-0.253327556131739,-0.218347110722331,-0.183264947908991,-0.148135382693885,-0.113011715042641,-0.0779461037543842,-0.0429894459386603,-0.00819126249069313,0.0264004100682724,0.0607391210447681,0.094780100007702,0.128480343918697,0.161798696702751,0.194695921034127,0.227134762143603,0.259080003485155,0.290498514132484,0.321359287808787,0.351633473486198,0.38129439752474,0.410317577353928,0.438680726733396,0.466363752661974,0.493348744037236,0.519619952199762,0.545163763527801,0.569968664278941,0.594025197905197,0.617325915096989,0.639865316839259,0.661639790789707,0.682647541314408,0.702888513540026,0.722364311804371,0.741078112907751,0.759034574586879,0.776239739650507,0.792700936231544,0.808426674624286,0.823426541187084,0.837711089800793,0.851291731381121,0.86418062194884,0.876390549765649,0.887934822045113,0.898827151747806,0.909081544967288,0.918712189409105,0.927733344458434,0.936159233323437,0.944003937730925,0.951281295638424,0.95800480241243,0.964187515906485,0.969841965854824,0.974980067977707,0.979613043173388,0.983751342149029,0.987404575818581,0.990581451770425,0.993289717080669,0.995536107720381,0.997326304776152,0.998664897673736,0.999555354564087,1
"28","ENT","TOTAL DIVAS",1,0.997753071441616,0.993265217280375,0.986548422563489,0.977620612781647,0.966505591595325,0.953232958172977,0.937838004456172,0.920361592743289,0.900850014058212,0.87935482784362,0.855932683589418,0.8306451250755,0.803558377973951,0.774743121618856,0.744274245811696,0.712230593586895,0.678694690914817,0.643752464368693,0.607492947826876,0.570007979322771,0.531391889191166,0.491741180691889,0.451154204318911,0.409730827025882,0.36757209761685,0.324779909564022,0.281456662522408,0.237704923814456,0.193627091155827,0.149325057886813,0.104899881962107,0.0604514599350576,0.0160782071512671,-0.0281232546598852,-0.0720584012377997,-0.11563509996461,-0.158763893277374,-0.20135827027919,-0.243334925557593,-0.284614004270421,-0.325119332614421,-0.364778632850598,-0.403523722122274,-0.441290694366367,-0.47802008468613,-0.51365701562324,-0.548151324839268,-0.58145767379033,-0.613535637054162,-0.644349772045527,-0.673869668933417,-0.702069980651912,-0.728930432974977,-0.754435814704308,-0.778575948097536,-0.801345639741941,-0.822744612155698,-0.842777416474277,-0.861453326653886,-0.878786215696124,-0.894794414468388,-0.909500553762487,-0.922931390299269,-0.935117617449511,-0.946093661500649,-0.955897464354906,-0.964570253596794,-0.972156300916539,-0.978702669920694,-0.984258954401635,-0.988877008173899,-0.992610667617,-0.995515468091604,-0.99764835541844,-0.999067393626992,-0.99983147019403,-1,-0.999632629234424,-0.998788940479662,-0.997528160195701,-0.995908869816961,-0.99398872165578,-0.991824160785956,-0.989470154053863,-0.986979927334248,-0.984404712112777,-0.981793502438342,-0.979192823244543,-0.976646510992606,-0.974195507536604,-0.971877668057295,-0.969727583852579,-0.967776420711467,-0.966051773534125,-0.96457753779391,-0.963373798367974,-0.9624567361919,-0.96183855312057,-0.961527415303015
"29","ENT","WAGS",1,0.996568931916693,0.989719010723463,0.979474619468655,0.965872215662496,0.948960191316268,0.928798687182192,0.905459361921993,0.879025117108713,0.849589779139331,0.817257739304604,0.782143553426349,0.744371502630778,0.704075116978586,0.66139666381789,0.616486602864124,0.569503010141099,0.520610973039199,0.469981958859432,0.417793159315635,0.364226813560852,0.309469512387524,0.253711486324468,0.197145880415932,0.13996801851973,0.0823746600017115,0.0245632517328145,-0.0332688216873387,-0.0909249865503985,-0.14821022457828,-0.204931810473705,-0.260900039603137,-0.315928942972836,-0.369836986709536,-0.422447753319272,-0.473590602070411,-0.523101305930077,-0.570822662576265,-0.616605077110917,-0.660307114211428,-0.701796017579253,-0.740948194673789,-0.777649664857192,-0.811796469220619,-0.84329504051396,-0.87206253175894,-0.898027102288837,-0.921128160126317,-0.941316559783437,-0.958554754743986,-0.972816904067304,-0.9840889327339,-0.992368545535794,-0.997665194497884,-1,-0.999405625951957,-0.995926109555186,-0.989616646363557,-0.980543331532291,-0.968782858316483,-0.954422175049291,-0.937558101993308,-0.918296909616754,-0.896753859997906,-0.873052713206337,-0.847325200647248,-0.819710467485128,-0.790354486384399,-0.759409444917414,-0.727033109093422,-0.693388165555752,-0.658641545078012,-0.622963730063078,-0.586528048811211,-0.549509959374911,-0.51208632585852,-0.474434690049521,-0.436732541286039,-0.399156587471104,-0.361882030138806,-0.325081846460501,-0.288926081050869,-0.253581150393953,-0.219209162658423,-0.185967255609591,-0.154006955253131,-0.123473557762591,-0.094505537149747,-0.067233981034113,-0.0417820567558758,-0.0182645099555847,0.00321280238537769,0.0225533425867679,0.0396702848816277,0.0544868684376616,0.0669367093844555,0.0769640706060775,0.084524088226658,0.0895829538886554,0.0921180520993012
"30","SYFY","12 MONKEYS",1,0.997792289494604,0.993382701671273,0.986782882725853,0.978010251581269,0.967087939657338,0.954044710921018,0.938914862521399,0.921738106387657,0.902559432240477,0.881428952538132,0.858401729946918,0.833537587991947,0.806900905607969,0.778560396370794,0.748588873247733,0.717062999759992,0.684063028501083,0.649672528002639,0.613978098982564,0.577069081049923,0.539037250976193,0.499976513673515,0.459982587047001,0.419152681910143,0.377585178169614,0.335379298498375,0.292634780723841,0.249451550160883,0.205929393117747,0.162167632796439,0.118264808797831,0.0743183614258178,0.030424321964168,-0.013322989925427,-0.0568312605652664,-0.100010467298654,-0.142773153155351,-0.185034690141033,-0.226713530192468,-0.26773144288995,-0.308013739071853,-0.347489479552829,-0.386091668206828,-0.423757428738698,-0.460428164533176,-0.496049701037593,-0.530572410204046,-0.563951316588135,-0.596146184774102,-0.627121587870249,-0.656846956893427,-0.685296610936928,-0.71244976809202,-0.738290537169263,-0.762807890341384,-0.785995616904569,-0.807852258429248,-0.828381025644473,-0.847589697471627,-0.865490502693065,-0.88209998480917,-0.897438850702904,-0.911531803794038,-0.924407362425518,-0.936097664281742,-0.946638257692557,-0.956067880727392,-0.964428229030897,-0.971763713394584,-0.97812120809807,-0.983549791088492,-0.988100477097333,-0.991825944820171,-0.994780259306579,-0.997018590724595,-0.998596930676622,-0.999571807251438,-1,-0.999938256021016,-0.999443008335835,-0.998570097720989,-0.997374499150926,-0.995910053983019,-0.99422920899198,-0.992382763331427,-0.990419624466693,-0.988386574085108,-0.986328044948131,-0.984285909604014,-0.982299281830317,-0.980404331622747,-0.978634114490739,-0.977018415761036,-0.975583610528673,-0.974352539830246,-0.973344403547657,-0.972574670481716,-0.972055005964458,-0.971793217307065
"31","SYFY","ALMIGHTY JOHNSONS",1,0.997272766120018,0.991826567250606,0.983677911000861,0.972851483471065,0.959380059202796,0.943304381654628,0.924673014665421,0.903542165479327,0.879975480016436,0.8540438111802,0.825824961096743,0.79540339828178,0.762869950827443,0.728321476793669,0.691860513076502,0.653594904108338,0.613637411822547,0.572105308386656,0.529119953274106,0.484806356304353,0.439292728334338,0.392710021331058,0.345191459594938,0.296872063936615,0.247888170635716,0.198376947028929,0.148475905586175,0.0983224183379203,0.0480532335135864,-0.00219600375935747,-0.052291224863613,-0.102100403400373,-0.151494011422375,-0.200345464455098,-0.248531553615124,-0.295932863186835,-0.342434172077254,-0.387924837633568,-0.432299160378553,-0.47545672829545,-0.517302739375451,-0.557748301227611,-0.596710706642331,-0.634113684095128,-0.669887622277015,-0.703969767840798,-0.736304395658897,-0.766842950997099,-0.79554416311991,-0.82237412995613,-0.847306373567712,-0.870321866280292,-0.891409027449597,-0.9105636909538,-0.927789043617291,-0.943095534885877,-0.956500758186612,-0.968029304516855,-0.977712588916341,-0.985588650582583,-0.991701927493355,-0.996103006499999,-0.998848349951356,-1,-0.999625261829633,-0.997796367124778,-0.994590119180889,-0.990087521124355,-0.984373388777435,-0.977535949762527,-0.969666430493218,-0.960858632746048,-0.951208501546627,-0.940813686136562,-0.929773095813465,-0.918186452454936,-0.90615384154888,-0.893775263556736,-0.881150187433109,-0.868377108115009,-0.855553109776384,-0.842773436618981,-0.830131072938881,-0.817716334169468,-0.805616470556242,-0.793915285066949,-0.782692767082223,-0.772024743347516,-0.761982547596761,-0.752632710182342,-0.744036668964717,-0.736250502628894,-0.729324687504117,-0.723303878868073,-0.718226717617947,-0.714125663088163,-0.711026852689114,-0.708949988932904,-0.707908254301655
"32","SYFY","BITTEN",1,0.998851771244907,0.996556924438123,0.993118677512246,0.98854184869153,0.982832846112708,0.975999654036594,0.96805181569357,0.959000412816434,0.948858041924484,0.937638787432617,0.925358191669077,0.912033221894905,0.897682234427273,0.882324935977589,0.865982342323649,0.848676734442936,0.830431612241659,0.811271646021005,0.791222625828519,0.770311408848413,0.748565864989883,0.726014820837278,0.702688002130094,0.678615974944285,0.653830085749296,0.628362400517497,0.602245643064324,0.575513132798442,0.548198722061566,0.520336733237314,0.491961895807518,0.463109283532812,0.433814251932193,0.40411237623335,0.374039389962211,0.343631124336081,0.312923448620235,0.281952211602614,0.250753184335698,0.219362004288374,0.187814121044024,0.156144743673916,0.12438878990747,0.0925808372130248,0.0607550758944462,0.0289452643003139,-0.00281531376652255,-0.0344938893603667,-0.0660582463558489,-0.0974767570031791,-0.12871841502555,-0.159752866218592,-0.190550436521673,-0.221082157540784,-0.251319789512669,-0.281235841709734,-0.31080359029505,-0.33999709364643,-0.368791205178089,-0.397161583697629,-0.425084701345225,-0.452537849170638,-0.479499140412168,-0.50594751154983,-0.531862721212796,-0.557225347028523,-0.582016780507958,-0.606219220067698,-0.629815662295991,-0.65278989157502,-0.675126468176877,-0.696810714955114,-0.717828702757672,-0.738167234690291,-0.757813829362319,-0.776756703248948,-0.794984752305517,-0.812487532970478,-0.829255242693987,-0.845278700128871,-0.860549325119853,-0.875059118625543,-0.888800642705635,-0.901767000703232,-0.913951817748999,-0.925349221710216,-0.93595382470353,-0.945760705285494,-0.954765391429715,-0.962963844393798,-0.970352443573056,-0.976927972431465,-0.98268760559336,-0.987628897172092,-0.991749770404221,-0.995048508649915,-0.997523747812036,-0.999174470218019,-1
"33","SYFY","CONTINUUM",-1,-0.999609838707728,-0.998828135080635,-0.997652135366481,-0.996077729733297,-0.994099477125171,-0.991710638237203,-0.988903216468168,-0.985668006675082,-0.981994651520309,-0.977871705169038,-0.973286704063282,-0.968226244467749,-0.962676066453628,-0.956621143958128,-0.950045780530998,-0.942933710354243,-0.935268204097739,-0.927032179151903,-0.918208313758746,-0.90877916454477,-0.898727286943354,-0.888035357980463,-0.876686300885851,-0.864663410982505,-0.851950482299744,-0.83853193435041,-0.82439293850981,-0.80951954343364,-0.793898798953879,-0.777518877895757,-0.760369195265289,-0.742440524265402,-0.723725108609554,-0.70421677061467,-0.683911014570344,-0.662805124898394,-0.64089825863606,-0.618191531797078,-0.594688099187946,-0.57039322728122,-0.545314359774044,-0.519461175487987,-0.492845638295533,-0.465482038789232,-0.437387027441349,-0.408579639034748,-0.379081308179635,-0.348915875765483,-0.31810958623282,-0.286691075585491,-0.2546913501003,-0.222143755727564,-0.189083938212761,-0.155549794006119,-0.121581412063537,-0.0872210066783273,-0.0525128415190216,-0.0175031450835892,0.0177599821852428,0.0532266688453813,0.0888453811507626,0.124563039154811,0.160325139849854,0.196075886941699,0.231758326831475,0.26731449035116,0.302685539775366,0.337811920609927,0.372633517637548,0.407089814682707,0.44112005754168,0.47466341950963,0.507659168924758,0.540046838139841,0.5717663933241,0.602758404493193,0.632964215162332,0.662326111017006,0.690787486997631,0.718293012198644,0.744788791988955,0.770222526769464,0.79454366679433,0.817703562495884,0.839655609768462,0.86035538968386,0.879760802130688,0.897832192891288,0.914532473693293,0.929827234797972,0.943684849714407,0.956076571656866,0.966976621392752,0.976362266159629,0.984213889362454,0.990515050795681,0.995252537169526,0.998416402755198,1
"34","SYFY","DARK MATTER",1,0.998104785861739,0.994318916298656,0.988651493628989,0.981116133615238,0.97173092036513,0.960518346463501,0.947505238560042,0.932722668692411,0.916205851677695,0.897994028957428,0.878130339332053,0.856661677069696,0.833638537921283,0.809114853618975,0.783147815477805,0.755797687760656,0.727127611504629,0.697203399541854,0.666093323480107,0.633867893437798,0.600599631354108,0.566362838717992,0.531233359579497,0.49528833972318,0.458605982896301,0.421265304993994,0.383345887109513,0.344927628360119,0.306090499398081,0.266914297511628,0.22747840421257,0.187861546195744,0.148141560540373,0.108395165005095,0.0686977342467259,0.0291230827679725,-0.0102567446286556,-0.0493716741344613,-0.0881537952632134,-0.126537543538937,-0.164459872906054,-0.201860417266657,-0.238681640593534,-0.274868975113497,-0.310370947103361,-0.345139289890529,-0.379129043701155,-0.412298642051297,-0.444609984429949,-0.476028495077279,-0.50652316771648,-0.536066596153225,-0.564634990712515,-0.592208180538591,-0.61876960183919,-0.64430627221074,-0.668808751235622,-0.692271087596507,-0.7146907530054,-0.73606856329654,-0.756408587082301,-0.775718042419529,-0.794007181980277,-0.811289167265315,-0.82757993244105,-0.842898038420342,-0.857264517845027,-0.870702711662647,-0.883238098021679,-0.894898114238504,-0.905711972615201,-0.915710470909926,-0.924925798281174,-0.933391337543285,-0.941141464583424,-0.948211345799545,-0.954636734424805,-0.960453766606253,-0.965698758104602,-0.970408002477284,-0.974617571599004,-0.978363119362573,-0.981679689387916,-0.984601527549078,-0.987161900107614,-0.989392918216206,-0.991325369528739,-0.992988557622517,-0.994410149904903,-0.995616034640588,-0.996630187697079,-0.997474549564992,-0.998168913166455,-0.99873082291967,-0.999175485480513,-0.999515692533172,-0.999761755951504,-0.999921455601188,-1
"35","SYFY","DEFIANCE",1,0.99822371437134,0.994675232470969,0.989362719756468,0.98229839132289,0.973498472331508,0.962983145478114,0.950776485696841,0.936906382343041,0.921404449145335,0.90430592226249,0.885649546824893,0.865477452383145,0.843835017727322,0.820770725579743,0.796336007701336,0.770585080986959,0.74357477515796,0.715364352690869,0.686015321649279,0.655591242111454,0.624157526909087,0.591781237412721,0.558530875116494,0.52447616978927,0.489687864970467,0.454237501597252,0.418197200555038,0.381639444945394,0.344636862864681,0.30726201148271,0.26958716320381,0.231684094682669,0.193623879454326,0.155476684921819,0.117311574426214,0.0791963151021882,0.0411971921981515,0.00337883051295318,-0.0341959764280195,-0.0714664288663204,-0.108373874416427,-0.144861952263199,-0.180876727467892,-0.21636681493962,-0.251283492670759,-0.285580803877754,-0.319215647733213,-0.352147858420643,-0.384340272289693,-0.415758782937023,-0.446372384085827,-0.476153200185282,-0.50507650469974,-0.533120726105988,-0.560267441665314,-0.586501359085097,-0.611810286232165,-0.636185089106881,-0.659619638332783,-0.682110744461345,-0.703658082434886,-0.724264105592721,-0.743933949646061,-0.762675327085828,-0.780498412524327,-0.797415719506389,-0.813441969358102,-0.828593952671407,-0.842890384050597,-0.856351750771905,-0.869000156029925,-0.880859157464401,-0.891953601677916,-0.902309455469119,-0.911953634517334,-0.920913830262549,-0.929218335730074,-0.936895871051273,-0.943975409430946,-0.95048600430811,-0.956456618449989,-0.961915955709242,-0.966892296161612,-0.971413335325546,-0.975506028146846,-0.979196438410166,-0.982509594215291,-0.985469350129676,-0.988098256599841,-0.990417437172948,-0.99244647404645,-0.994203302428193,-0.995704114151842,-0.996963270953291,-0.99799322777286,-0.998804466405692,-0.999405439779191,-0.999802527091586,-1
"36","SYFY","DOMINION",1,0.998221304195825,0.994668011456285,0.989348306225145,0.982274431983037,0.973462651564177,0.962933194475993,0.950710191418201,0.936821596245595,0.921299095665562,0.904178007006926,0.885497164441098,0.865298794079255,0.843628378410527,0.820534510585506,0.796068739086806,0.770285403363741,0.743241461041205,0.714996307343607,0.685611587402835,0.655151002144933,0.623680108472997,0.591266114484001,0.557977670474491,0.523884656504456,0.489057967300024,0.453569295284,0.417490912528501,0.380895452426228,0.343855691875946,0.306444334773898,0.268733797595816,0.230795997844166,0.192702146122288,0.154522542581093,0.116326378465195,0.0781815434637279,0.0401544395467852,0.002309801941492,-0.0352894721277114,-0.0725824863418032,-0.109510499274238,-0.146017068939815,-0.182048187421027,-0.217552405127545,-0.252480944286161,-0.286787801301687,-0.320429837673785,-0.353366859200384,-0.38556168324495,-0.41698019389228,-0.447591384865568,-0.477367390125855,-0.506283502123674,-0.534318177721391,-0.561453031853238,-0.587672819038232,-0.61296540290878,-0.637321713964692,-0.660735695808266,-0.683204240161038,-0.704727111006347,-0.725306858244088,-0.744948721284522,-0.763660523046846,-0.781452554865053,-0.798337452838427,-0.814330066196604,-0.8294473182794,-0.843708060759408,-0.85713292176064,-0.869744148549091,-0.881565445490937,-0.892621807991169,-0.902939353139562,-0.912545147802148,-0.921467034904551,-0.929733458658795,-0.937373289487364,-0.944415649397467,-0.950889738554555,-0.956824663797252,-0.962249269825997,-0.967191973784831,-0.971680603940076,-0.975742243141084,-0.979403077726962,-0.982688252519181,-0.985621732513472,-0.988226171855406,-0.990522790652721,-0.992531260143895,-0.994269596706834,-0.995754065153963,-0.996999091720623,-0.998017187112714,-0.998818879937014,-0.999412660793875,-0.999804937267101,-1
"37","SYFY","EXPANSE",1,0.999871117775099,0.999610941133636,0.999214658094621,0.998675081640588,0.997982686717624,0.997125659327995,0.996089957510312,0.994859383952369,0.993415669933134,0.991738570242865,0.989805968684202,0.987593993712607,0.985077143731812,0.982228421519067,0.979019477216384,0.975420759287453,0.971401672805924,0.966930744409254,0.961975793223483,0.956504107038277,0.950482622988435,0.94387811197788,0.936657366065073,0.928787388014816,0.920235582210627,0.91096994611438,0.900959261455586,0.890173284331754,0.878582933403565,0.866160475374213,0.852879706951132,0.838716132500412,0.823647136619539,0.807652150872479,0.790712813952597,0.772813124563405,0.753939586334396,0.734081344119352,0.713230311057312,0.691381285811588,0.668532059439951,0.644683511389035,0.619839694147934,0.594007906139973,0.56719875247725,0.539426193249801,0.510707579069827,0.481063673641304,0.450518663176013,0.419100152528683,0.386839147976121,0.353770026617757,0.319930492427814,0.285361519042021,0.250107279414278,0.214215062530728,0.17773517742007,0.140720844749498,0.103228076345124,0.065315543023986,0.0270444311715123,-0.0115217114564775,-0.0503171401848438,-0.0892740875594442,-0.128322946573668,-0.167392462341175,-0.206409931540359,-0.245301408924085,-0.283991920159093,-0.322405680233022,-0.360466316643565,-0.398097096563852,-0.435221157160788,-0.471761738228959,-0.507642416291787,-0.542787339313969,-0.577121461164917,-0.610570774971927,-0.643062544504123,-0.674525532733906,-0.704890226731604,-0.73408905806128,-0.76205661786112,-0.788729865810498,-0.814048332207523,-0.837954312405677,-0.860393052885829,-0.881312928270369,-0.900665608619467,-0.918406216385149,-0.934493472437121,-0.948889830614722,-0.961561600301959,-0.972479056567176,-0.981616537455163,-0.988952528067539,-0.994469731116524,-0.998155123687828,-1
"38","SYFY","GHOST MINE",-1,-0.996915450148846,-0.990756529062878,-0.981543555772949,-0.969306913469596,-0.954086935492246,-0.935933754006637,-0.914907111959857,-0.891076139045444,-0.864519092551177,-0.835323064098784,-0.803583653417532,-0.769404610421969,-0.732897446987188,-0.69418101993289,-0.653381086839167,-0.610629836422505,-0.566065395299003,-0.519831313053381,-0.472076027616098,-0.422952313027073,-0.372616711732271,-0.321228953618839,-0.268951364045281,-0.215948263164947,-0.162385358874077,-0.108429135739164,-0.054246242273042,-2.87893397798999e-06,0.0541358107819354,0.10800634379843,0.161447493132842,0.214300873484049,0.266411514473515,0.317628419328327,0.367805106853513,0.416800134608043,0.464477601273876,0.51070762629064,0.555366804918908,0.598338636992999,0.639513927728639,0.678791159061918,0.716076830112847,0.751285765489234,0.784341390274075,0.815175970671555,0.843730819422695,0.869956465241057,0.893812785661162,0.915269102836928,0.934304241973752,0.950906552225484,0.965073890035647,0.976813565050454,0.986142248878842,0.993085847121144,0.99767933523282,0.999966558932102,1,0.997840508457323,0.993557002235574,0.987226135586381,0.978931937596948,0.968765422296267,0.956824171948404,0.94321189523412,0.928037962120466,0.911416917309113,0.893467974237796,0.87431449168509,0.854083435096281,0.832904824807466,0.810911173395431,0.788236914422791,0.765017824880465,0.741390443653247,0.717491488348649,0.693457272834197,0.669423127824279,0.645522826844104,0.621888019875661,0.598647676958724,0.575927543979105,0.553849612826674,0.532531608047341,0.51208649204643,0.492621990825942,0.474240142155554,0.457036867986788,0.441101572822413,0.426516769648939,0.413357734929353,0.40169219403688,0.3915800383884,0.383073075409298,0.376214812329984,0.371040274678932,0.367575860198269,0.365839228766141
"39","SYFY","HELIX",1,0.99886773171788,0.996604742868346,0.993214125655195,0.988700510329963,0.983070055554596,0.976330435597616,0.968490824402993,0.959561876580422,0.949555705375041,0.938485857683808,0.926367286194582,0.913216318732618,0.899050624907453,0.883889180161143,0.867752227326392,0.850661235810317,0.832638858526388,0.813708886703362,0.793896202705974,0.773226731007445,0.751727387458787,0.729426027004204,0.706351389995706,0.682533047263292,0.658001344099768,0.632787343321366,0.606922767566879,0.58043994099902,0.553371730572014,0.525751487029339,0.497612985794641,0.468990367917564,0.439918081234291,0.410430821900088,0.380563476448137,0.350351064525381,0.319828682452002,0.289031447746588,0.257994444753987,0.226752671507297,0.195340987949515,0.163794065633971,0.132146339015929,0.100431958440616,0.0686847449254928,0.0369381468268444,0.00522519847273362,-0.0264215191638603,-0.0579699156863696,-0.0893884263336996,-0.120646044829044,-0.151712353979337,-0.182557553995143,-0.213152488509737,-0.243468668285078,-0.273478292601276,-0.303154268334994,-0.332470226740938,-0.361400537959166,-0.38992032327934,-0.418005465201251,-0.445632615338871,-0.472779200222869,-0.499423425063904,-0.525544275546058,-0.551121517726423,-0.576135696123206,-0.600568130080576,-0.624400908503967,-0.647616883064573,-0.6701996599763,-0.69213359045256,-0.713403759953803,-0.733995976339818,-0.753896757043312,-0.773093315383337,-0.791573546138592,-0.809326010501574,-0.826339920534955,-0.842605123251416,-0.858112084437496,-0.872851872340815,-0.886816141338255,-0.899997115700491,-0.912387573565446,-0.923980831230035,-0.934770727865817,-0.944751610759988,-0.953918321178524,-0.962266180943242,-0.969790979809068,-0.976488963722041,-0.982356824032339,-0.987391687730203,-0.991591108765788,-0.994953060506966,-0.997475929381813,-0.999158509745046,-1
"40","SYFY","KILLJOYS",0.995870244013372,0.995963492143568,0.996146705596433,0.996413334589203,0.996753593963157,0.997154510419479,0.997599985196792,0.998070871931669,0.998545069380727,0.998997628621389,0.999400874288583,0.999724539346395,0.999935912837593,1,0.999879694087193,0.999535959182148,0.998928023246472,0.998013580604861,0.996749003024619,0.995089558513716,0.992989636927811,0.990402981447504,0.987282924961465,0.983582630369416,0.979255333801189,0.974254589734445,0.968534516983815,0.962050044528896,0.95475715614694,0.94661313281895,0.937576791884716,0.927608721933292,0.916671512430536,0.904729977104326,0.891751370131138,0.877705594194449,0.862565399516097,0.846306572995898,0.82890811663254,0.810352414439855,0.790625387116757,0.76971663377641,0.74761956009028,0.724331492255338,0.699853776247904,0.674191861884849,0.647355371272208,0.619358151282312,0.590218309763048,0.559958235246703,0.528604599990591,0.496188346247342,0.462744655728624,0.428312902292475,0.392936587950635,0.356663262358222,0.319544426013505,0.281635417460141,0.242995284847795,0.203686642269218,0.163775511352585,0.123331148646708,0.0824258593935663,0.0411347983371575,-0.000464241730254278,-0.0422910529340003,-0.0842632459979915,-0.126296493800358,-0.168304783923081,-0.210200679278095,-0.251895585859118,-0.293300026638758,-0.334323920604792,-0.374876865907403,-0.414868426071412,-0.45420841821356,-0.492807202195164,-0.530575969634906,-0.567427031705021,-0.60327410463698,-0.638032591869673,-0.671619861784168,-0.703955519984372,-0.734961675102144,-0.764563197128622,-0.792687967300723,-0.81926711860259,-0.844235265976393,-0.867530725374978,-0.889095720830359,-0.908876578756698,-0.926823908754267,-0.942892770231425,-0.957042824214969,-0.969238469774943,-0.979448964547977,-0.98764852890322,-0.993816433356705,-0.997937068903296,-1
"41","SYFY","MAGICIANS",0.851907098866334,0.848182039724039,0.840746838823227,0.829631271845923,0.8148798548347,0.796551667868741,0.774720121050097,0.749472663724552,0.720910438085751,0.689147878530847,0.654312258350346,0.616543185542803,0.575992049746036,0.532821422469602,0.487204412997913,0.439323982508281,0.389372219113546,0.337549576693127,0.284064080519562,0.229130502818826,0.172969511521465,0.115806795567664,0.0578721702220484,-0.000601334066929082,-0.0593783956630886,-0.118222334943185,-0.176896053014833,-0.235162972242371,-0.292787974864133,-0.349538335991911,-0.405184647305516,-0.459501727791757,-0.512269517928418,-0.563273953778735,-0.612307817541262,-0.659171561192699,-0.703674099967375,-0.745633572536001,-0.784878064877637,-0.821246294982063,-0.854588255674083,-0.884765813016726,-0.911653257925316,-0.935137808809069,-0.955120063250169,-0.971514396931139,-0.984249308229642,-0.993267707114179,-0.998527147193891,-1,-0.99767357080447,-0.991550155512042,-0.98164703839446,-0.967996430669094,-0.950645350157684,-0.929655442493424,-0.905102744575334,-0.877077391196817,-0.84568326599953,-0.811037598123599,-0.773270506139361,-0.732524491054121,-0.688953880388303,-0.642724225508631,-0.59401165459043,-0.543002183756429,-0.489890989104517,-0.434881642491315,-0.378185314081675,-0.320019944805335,-0.260609391980942,-0.200182551473587,-0.138972459844756,-0.0772153800326587,-0.0151498741660916,0.0469841328342269,0.108946295176285,0.170496789926942,0.231397258831923,0.291411744513252,0.350307617353886,0.407856489415737,0.463835111788475,0.518026251831567,0.570219546851272,0.620212330847079,0.667810431068266,0.712828931240131,0.755092898450819,0.794438070832942,0.830711503328702,0.863772168992371,0.893491513459442,0.91975396039617,0.942457365936716,0.961513420315987,0.976847995114677,0.988401434747275,0.996128791043756,1
"42","SYFY","TROY STREET MAGIC",0.904224728961721,0.904750634625455,0.905797589484294,0.907355902511727,0.909411091855632,0.911943950214126,0.914930631588816,0.918342759062308,0.922147553161114,0.926307980281219,0.930782920571721,0.935527354592565,0.940492567985619,0.945626373324752,0.950873348240118,0.956175088845179,0.961470477432029,0.966695963341844,0.971785855862854,0.976672627958351,0.981287229582167,0.985559409298903,0.989418042891169,0.992791467606263,0.99560782067035,0.997795380679191,0.999282910461104,1,0.999877408004157,0.99884740070987,0.99684408651819,0.993803745077635,0.989665149446048,0.984369879990354,0.977862628714148,0.970091492739198,0.961008255708474,0.950568655924521,0.938732640088153,0.92546460155805,0.910733602111815,0.89451357625315,0.876783517177685,0.857527643581552,0.836735546571576,0.814402316013785,0.790528645737426,0.76512091709463,0.738191260460758,0.709757594347181,0.679843641886284,0.648478924537593,0.615698732953651,0.581544075034421,0.546061601289024,0.509303507713327,0.471327416480816,0.432196234832095,0.391977992634706,0.350745659169693,0.30857693978377,0.265554053126138,0.221763489766265,0.177295753063261,0.132245083228381,0.0867091655894929,0.0407888241297047,-0.00541229856838588,-0.0517880737865472,-0.0982302303063531,-0.144628707934251,-0.190872019593856,-0.236847620627784,-0.282442283921315,-0.327542479435566,-0.372034756718791,-0.415806128950868,-0.458744457068198,-0.500738832514019,-0.541679957162601,-0.581460518975003,-0.619975561958757,-0.65712284902432,-0.692803216356902,-0.726920917953634,-0.759383959012511,-0.7901044169013,-0.81899874848122,-0.845988082611671,-0.870998496718355,-0.893961276367541,-0.914813156853786,-0.933496545876902,-0.949959726455998,-0.964157039303843,-0.976049043963256,-0.985602658088387,-0.99279127433739,-0.99759485442862,-1
"43","SYFY","Z NATION",1,0.999026830534475,0.997081411427789,0.994165581581046,0.990282097476958,0.985434630937418,0.979627766134098,0.97286699585251,0.96515871701014,0.956510225429333,0.946929709865835,0.936426245294005,0.925009785449969,0.912691154634117,0.899482038774648,0.885394975754086,0.870443345000958,0.854641356349181,0.838004038167981,0.820547224765583,0.802287543070265,0.783242398592823,0.763429960674944,0.742869147028468,0.72157960757104,0.699581707564239,0.67689651006082,0.653545757668357,0.629551853637201,0.604937842281412,0.579727388741948,0.55394475810224,0.52761479386699,0.50076289581587,0.473414997244613,0.445597541606852,0.417337458570938,0.38866213950687,0.359599412419384,0.330177516344179,0.300425075225223,0.270371071292016,0.240044817956673,0.209475932251666,0.178694306830012,0.147730081550717,0.116613614673212,0.0853754536855094,0.0540463057917631,0.0226570080858493,-0.00876150256148078,-0.0401782198734206,-0.0715620987665611,-0.102882086148774,-0.134107151884513,-0.165206319895682,-0.196148699365539,-0.226903516012293,-0.257440143398438,-0.287728134241241,-0.317737251689148,-0.347437500528456,-0.376799158284004,-0.405792806177313,-0.43438935990519,-0.462560100201533,-0.490276703144845,-0.517511270173781,-0.544236357772977,-0.570425006791358,-0.596050771355175,-0.621087747338118,-0.645510600351083,-0.669294593214347,-0.692415612875347,-0.714850196735564,-0.736575558350574,-0.757569612467852,-0.777810999367538,-0.797279108472135,-0.815954101191806,-0.833816932972877,-0.850849374518023,-0.867034032147614,-0.882354367272797,-0.896794714951941,-0.910340301503373,-0.922977261148467,-0.934692651660565,-0.945474468996497,-0.955311660888949,-0.96419413937935,-0.972112792272524,-0.979059493495857,-0.985027112347381,-0.990009521618794,-0.994001604581115,-0.996999260822371,-0.99899941092845,-1
"44","USA","CHRISLEY KNOWS BEST",-1,-0.997280426803879,-0.99184951024548,-0.983723679983335,-0.972927505598341,-0.959493607029812,-0.943462535696067,-0.924882626758983,-0.903809823103426,-0.880307471711689,-0.854446093219609,-0.826303125544544,-0.795962642575322,-0.763515049010372,-0.729056752522121,-0.692689814512855,-0.654521580809565,-0.614664293722186,-0.573234686961049,-0.530353564974802,-0.486145368329487,-0.440737726802397,-0.394261001910874,-0.346847820635803,-0.29863260213247,-0.249751079247114,-0.200339816676253,-0.15053572761722,-0.100475590762623,-0.0502955694883294,-0.000130735074311605,0.0498854042198118,0.099621366427336,0.148948149729628,0.19773967516686,0.245873216522718,0.293229815753307,0.339694682388768,0.385157575400479,0.429513166097047,0.472661380688097,0.514507721236108,0.554963563802641,0.593946432686137,0.631380249743548,0.667195557886951,0.701329717948914,0.733727078215893,0.764339116037209,0.793124551027803,0.820049429495204,0.84508717983505,0.868218638754032,0.889432048294467,0.908723023749734,0.92609449267472,0.941556605309207,0.955126616844712,0.966828742076102,0.976693983087822,0.984759930730527,0.991070540746776,0.995675885503845,0.998631882387258,1,0.999846943399011,0.998244319682488,0.995268285317928,0.990999176671954,0.985521125268015,0.978921659357214,0.971291293440169,0.962723107424097,0.95331231713877,0.943155837967649,0.932351843376141,0.920999320137492,0.909197622068203,0.897046024089058,0.884643278424809,0.872087174745305,0.859474106033491,0.846898641941127,0.834453111361655,0.822227195911191,0.81030753596361,0.798777350834013,0.787716074646915,0.777199009361496,0.767296996356241,0.758076107899977,0.749597359755423,0.741916446075837,0.735083497664928,0.72914286457575,0.724132923925864,0.72008591370416,0.717027793239762,0.714978130895827,0.7139500194412
"45","USA","COLONY",1,0.998177607181007,0.994537092863985,0.989086985716418,0.981840043855726,0.972813213134949,0.962027571766811,0.949508261493339,0.935284405558541,0.919389013790861,0.901858875150289,0.882734438141633,0.862059679540679,0.839881961923294,0.816251880529098,0.791223100030692,0.764852181816693,0.73719840243165,0.708323563848245,0.678291796276941,0.647169354245167,0.615024406702333,0.581926821928096,0.547947948039528,0.513160389907922,0.477637783307909,0.441454567130314,0.404685754495758,0.367406703608244,0.329692889187063,0.291619675311143,0.253262090502528,0.214694605865072,0.175990917080687,0.137223731048559,0.0984645579329531,0.0597835093623111,0.0212491034967117,-0.0170719223476929,-0.055114790859724,-0.0928168550557533,-0.130117759175833,-0.166959589603604,-0.203287015300495,-0.239047417286967,-0.274191006747499,-0.308670931381608,-0.342443369670134,-0.375467612774215,-0.407706133833599,-0.439124644480929,-0.469692138439399,-0.499380922122203,-0.528166632203595,-0.556028240182729,-0.582948044012661,-0.6089116469177,-0.633907923572569,-0.657928973866287,-0.680970064522216,-0.70302955889305,-0.724108835295532,-0.744212194294161,-0.763346755385939,-0.781522343579088,-0.798751366397588,-0.815048681880028,-0.830431458175697,-0.844919025372689,-0.858532720222163,-0.871295724449524,-0.883232897367076,-0.894370603523681,-0.904736536144855,-0.914359537131678,-0.923269414398681,-0.931496757339515,-0.9390727512147,-0.946028991258028,-0.952397297297234,-0.958209529680449,-0.963497407292612,-0.968292328435553,-0.97262519533188,-0.976526242996191,-0.980024873197491,-0.983149494214195,-0.985927367057757,-0.988384458812936,-0.990545303712043,-0.99243287252742,-0.994068450830949,-0.995471526631695,-0.996659687863145,-0.99764853014985,-0.998451575240026,-0.999080200445743,-0.999543579386176,-0.99984863428192,-1
"46","USA","GRACELAND",1,0.999420468398351,0.998260771510601,0.996519647351219,0.994195216376243,0.99128499753713,0.987785929573919,0.983694397452328,0.979006263826284,0.973716905384737,0.967821253919574,0.961313841930012,0.954188852558256,0.946440173631331,0.938061455565143,0.929046172868921,0.919387688971332,0.90907932407386,0.898114425722574,0.886486441776109,0.874188995435821,0.861215961993445,0.847561546942498,0.833220365091896,0.818187520314064,0.802458685555094,0.786030182731274,0.768899062134682,0.751063180970458,0.732521280649736,0.713273062465302,0.693319261281527,0.672661716876189,0.651303442579374,0.629248690863655,0.606503015550236,0.583073330307601,0.558967963132461,0.534196706517257,0.50877086302432,0.482703286003698,0.456008415209751,0.428702307090735,0.400802659545724,0.372328830964179,0.34330185338531,0.313744439636918,0.283680984336577,0.253137558661767,0.222141898819728,0.190723388172398,0.158913032996584,0.126743431884507,0.0942487388149305,0.0614646199500801,0.0284282042384854,-0.0048219720714805,-0.0382460268782303,-0.0718027994807032,-0.105449923462765,-0.139143905009008,-0.172840206430583,-0.206493334658412,-0.240056934440648,-0.273483885961805,-0.30672640658249,-0.339736156381341,-0.372464347164582,-0.40486185459369,-0.436879333068005,-0.468467332986851,-0.499576420004862,-0.530157295884757,-0.560160920543895,-0.589538634884492,-0.61824228399254,-0.646224340287148,-0.673438026200297,-0.699837435966917,-0.72537765610658,-0.750014884181281,-0.773706545418284,-0.796411406793342,-0.818089688177241,-0.838703170157961,-0.858215298161448,-0.876591282506158,-0.89379819404018,-0.909805055024559,-0.924582924942759,-0.938104980933545,-0.950346592563206,-0.961285390672707,-0.970901330056037,-0.97917674574767,-0.986096402719508,-0.991647538810941,-0.995819900739559,-0.998605773064576,-1
"47","USA","MR ROBOT",1,0.998651893182845,0.995958079079331,0.991923350163705,0.986554878702132,0.979862197083176,0.971857171699427,0.962553970471967,0.951969024131697,0.940120981393353,0.927030658179363,0.912720981071405,0.897216925187591,0.880545446702436,0.862735410245263,0.843817511430233,0.823824194787756,0.802789567382625,0.780749308418664,0.757740575142996,0.733801905375209,0.708973116997536,0.683295204751847,0.656810234697469,0.629561236690901,0.601592095253998,0.572947439201441,0.543672530401075,0.513813152042108,0.483415496786089,0.452526055174155,0.421191504661176,0.389458599643165,0.357374062838692,0.324984478378086,0.292336186945857,0.259475183312237,0.226447016578867,0.193296693451603,0.160068584840271,0.126806336070823,0.0935527809800791,0.0603498601468369,0.0272385434959572,-0.00574124250612529,-0.038550682864837,-0.0711521370998283,-0.103509197156412,-0.135586740046986,-0.167350975104531,-0.198769485751861,-0.22981126571217,-0.260446749608482,-0.290647837921815,-0.320387916300067,-0.349641869231819,-0.378386088121248,-0.406598473822128,-0.434258433710375,-0.461346873395639,-0.487846183193056,-0.513740219496235,-0.539014281212006,-0.563655081436012,-0.587650714566184,-0.610990619068061,-0.633665536122023,-0.655667464397606,-0.67698961121404,-0.697626340359151,-0.717573116850498,-0.736826448933212,-0.755383827618364,-0.773243664073727,-0.790405225185588,-0.806868567615703,-0.822634470681574,-0.837704368390949,-0.852080280962825,-0.865764746167192,-0.878760750814393,-0.891071662722193,-0.902701163484577,-0.913653182360817,-0.923931831596649,-0.933541343481326,-0.942486009435053,-0.950770121410844,-0.958397915883165,-0.965373520682969,-0.97170090492493,-0.977383832257793,-0.982425817653068,-0.986830087930528,-0.990599546201623,-0.99373674039362,-0.996243835998454,-0.998122593170829,-0.999374348280081,-1
"48","USA","PLAYING HOUSE",0.998988288065333,0.999033169777495,0.999119836720803,0.999242111034677,0.999390763619415,0.999553559191013,0.999715316064024,0.999857980415176,0.999960714720501,1,0.999949751446582,0.99978144696043,0.999464268056267,0.998965252559477,0.998249458457766,0.997280138228418,0.996018922917192,0.994426015203851,0.992460390651297,0.990080006300426,0.98724201574146,0.983902989764409,0.980019141667002,0.9755465562777,0.970441421734451,0.96466026304676,0.958160176459472,0.950899063631346,0.942835864640247,0.93393078882939,0.924145542515694,0.913443552591845,0.901790185068085,0.889152957618011,0.875501745214703,0.860808977969195,0.845049830312599,0.828202400695951,0.810247881017924,0.791170715029865,0.770958745009905,0.749603346043161,0.72709954729288,0.70344613969787,0.678645769584239,0.652705017734337,0.625634463512502,0.597448733705634,0.568166535796432,0.537810675448176,0.506408058041941,0.473989674169825,0.44059056905097,0.40624979590058,0.371010353345457,0.334919107042744,0.298026695721066,0.260387421925089,0.222059127805283,0.183103056354157,0.143583698548271,0.103568626911624,0.0631283160703275,0.0223359509206644,-0.0187327769175413,-0.059999883643125,-0.101385318047707,-0.142807195716575,-0.184182041812693,-0.225425041564989,-0.266450297550289,-0.307171092829936,-0.347500158977487,-0.387349948012933,-0.42663290724177,-0.46526175598399,-0.503149763168787,-0.540211024765409,-0.576360740019269,-0.611515485465109,-0.645593485695679,-0.678514879874997,-0.71020198299991,-0.740579540932044,-0.769574978244545,-0.797118637953969,-0.823144012237289,-0.847587963267093,-0.870390933334527,-0.891497143469266,-0.910854779808611,-0.928416167013493,-0.944137928077693,-0.957981129927508,-0.969911414262545,-0.979899113143757,-0.987919348892307,-0.993952117921955,-0.997982358188299,-1
"49","USA","SATISFACTION",1,0.999170570074444,0.997512062773396,0.995025184688143,0.991710999424766,0.987570932042721,0.982606774932381,0.976820695096995,0.970215242796149,0.962793361499663,0.954558399092875,0.945514120266562,0.935664720017348,0.925014838177323,0.913569574884862,0.90133450690223,0.888315704679636,0.874519750059814,0.859953754512136,0.844625377780688,0.828542846826597,0.811714974941332,0.794151180904634,0.775861508058248,0.756856643164669,0.737147934918742,0.716747411979174,0.6956678003868,0.673922540236825,0.651525801473212,0.628492498674976,0.604838304706217,0.580579663104488,0.555733799085323,0.530318729044601,0.50435326844477,0.477857037975862,0.450850467887623,0.423354800394959,0.39539209006527,0.366985202103025,0.338157808454139,0.308934381660321,0.279340186401515,0.249401268672842,0.219144442551041,0.188597274514246,0.157788065288035,0.126745829199927,0.0955002710339812,0.0640817603866515,0.032521303534744,0.000850512835964379,-0.030898426307741,-0.0626927908841892,-0.0944993580528514,-0.12628444521569,-0.158013952308644,-0.189653406236315,-0.221168007363438,-0.252522677968057,-0.28368211255288,-0.31461082990325,-0.345273226772388,-0.375633633067271,-0.405656368401546,-0.435305799875392,-0.464546400936282,-0.493342811168999,-0.52165989685833,-0.549462812163374,-0.576717060738495,-0.603388557632639,-0.629443691295995,-0.654849385520844,-0.679573161141935,-0.703583197320795,-0.726848392238162,-0.749338423019029,-0.771023804715803,-0.791875948176702,-0.811867216628722,-0.830970980807388,-0.849161672468936,-0.866414836124653,-0.882707178841728,-0.898016617960165,-0.912322326581088,-0.925604776688008,-0.937845779769456,-0.949028524818619,-0.959137613593341,-0.96815909302804,-0.976080484697574,-0.982890811242079,-0.988580619670985,-0.993142001474017,-0.996568609476764,-0.998855671388483,-1
"50","USA","SIRENS",0.965605778259429,0.965898106731456,0.966478739387518,0.96733964636659,0.968468829587886,0.969850378589434,0.971464544623205,0.973287832703227,0.975293111229478,0.977449738738263,0.979723707259415,0.982077801692422,0.984471774547683,0.986862535335724,0.989204353826847,0.991449076346213,0.993546354215445,0.995443883401265,0.997087654384981,0.998422211223843,0.999390918736529,0.999936236710642,1,0.999523703353979,0.998448789800298,0.99671694138635,0.994270371072833,0.991052114566761,0.987006320879191,0.982078540396087,0.976216009258666,0.969367928862333,0.961485739300816,0.952523385604338,0.942437575647489,0.931188028633786,0.918737713099701,0.905053073420803,0.890104243846845,0.873865249140533,0.856314190946473,0.837433419072017,0.817209686920312,0.795634290377463,0.772703189520214,0.748417112577626,0.722781641649588,0.695807279756437,0.667509498867172,0.637908768628404,0.607030565592056,0.574905362816552,0.541568599793596,0.507060632730187,0.471426665293156,0.434716660000682,0.396985230521898,0.358291515221306,0.318699032359174,0.278275517431918,0.237092743207571,0.195226323080354,0.152755498434952,0.109762910775015,0.0663343594314465,0.0225585457239497,-0.0214731954962056,-0.0656671759432206,-0.109927644607525,-0.15415708801093,-0.198256538897841,-0.242125892219387,-0.285664227237069,-0.328770134546721,-0.371342046802497,-0.413278571904263,-0.454478827400204,-0.494842774849803,-0.534271552890559,-0.572667807754886,-0.609936019991689,-0.6459828261599,-0.680717334278971,-0.714051431843691,-0.745900085237762,-0.776181629412191,-0.804818046730551,-0.831735233923549,-0.856863256139734,-0.880136587127631,-0.901494334636766,-0.92088045018078,-0.938243922364957,-0.953538953042678,-0.966725115630441,-0.97776749497878,-0.986636808266476,-0.993309506457662,-0.997767855935292,-1
